0.0 0.7 0.0 0.1 0.0
0.0333555703802535 0.699654917974 -0.0206755990959 0.100412606496 0.02470872086
0.066711140760507 0.698622012665 -0.0412338184863 0.101646020174 0.0492082548352
0.1000667111407605 0.696905999262 -0.0616267217964 0.103692540686 0.0734553228819
0.133422281521014 0.69451318721 -0.0818067623426 0.106543031105 0.097407194994
0.1667778519012675 0.691451463372 -0.101726760077 0.110186941734 0.121021696352
0.200133422281521 0.687730284734 -0.121339909149 0.114612321934 0.144257223881
0.2334889926617745 0.68336066231 -0.14059977631 0.119805844294 0.167072768514
0.266844563042028 0.678355146453 -0.159460337045 0.125752828617 0.189427962165
0.3002001334222815 0.67272782169 -0.177875985401 0.132437249656 0.211283091478
0.333555703802535 0.666494277763 -0.195801615244 0.13984178214 0.232599193858
0.3669112741827885 0.659671601575 -0.213192664023 0.147947811068 0.253338093618
0.400266844563042 0.652278350446 -0.230005204921 0.156735471275 0.273462497862
0.4336224149432955 0.644334572862 -0.246195882649 0.166183615239 0.292935924251
0.466977985323549 0.635861686792 -0.261722396385 0.176269983096 0.311723160974
0.5003335557038026 0.626882572501 -0.27654312622 0.186971073299 0.329789912911
0.533689126084056 0.617421425311 -0.290617730139 0.198262328135 0.347103323761
0.5670446964643095 0.607503793828 -0.303906988706 0.210118086919 0.363631843189
0.600400266844563 0.597156534166 -0.316372958167 0.222511632899 0.379345344159
0.6337558372248165 0.5864076646 -0.327979519652 0.235415361946 0.39421558037
0.66711140760507 0.575286505129 -0.338691838941 0.248800619838 0.408215736113
0.7004669779853235 0.563823355746 -0.348477428313 0.262638048546 0.421321272979
0.733822548365577 0.552049711764 -0.357305452323 0.276897357217 0.433509380593
0.7671781187458305 0.539997956448 -0.365147556645 0.291547631611 0.444759607164
0.800533689126084 0.5277014074 -0.371977754889 0.306557288692 0.45505377559
0.8338892595063375 0.515194283885 -0.377772422794 0.321894101734 0.464375965741
0.867244829886591 0.502511369311 -0.382511048107 0.337525526592 0.472713061786
0.9006004002668445 0.489688341954 -0.386175505957 0.353418383197 0.480054225644
0.933955970647098 0.476761113296 -0.388751174109 0.369539470293 0.486391657562
0.9673115410273516 0.463766346399 -0.390226104002 0.385855086857 0.491720039484
1.0006671114076051 0.450740923552 -0.390591679642 0.40233151269 0.496036941353
1.0340226817878586 0.437721886472 -0.389842675106 0.41893506146 0.499342852555
1.067378252168112 0.424746472383 -0.387977199898 0.435632047795 0.501641146455
1.1007338225483656 0.411851943615 -0.38499649676 0.452388919183 0.502937859834
1.134089392928619 0.399075373606 -0.380905440542 0.469172461663 0.503242055056
1.1674449633088726 0.386453623853 -0.375712251544 0.485949804823 0.502565572432
1.200800533689126 0.374023333183 -0.369428172966 0.50268841466 0.500922755866
1.2341561040693796 0.361820637842 -0.362067974198 0.519356354004 0.498330798063
1.267511674449633 0.349881149915 -0.353649435135 0.53592227657 0.494809303085
1.3008672448298866 0.338239831811 -0.344193457049 0.552355537541 0.490380344001
1.33422281521014 0.326930892914 -0.333723966485 0.568626275842 0.485068355796
1.3675783855903936 0.315987715191 -0.32226755321 0.584705459532 0.478899817638
1.400933955970647 0.305442723604 -0.309853610841 0.600565001705 0.471903330684
1.4342895263509006 0.2953273387 -0.296513977981 0.61617778257 0.464109313814
1.467645096731154 0.285671880207 -0.282282806874 0.631517724273 0.455549869083
1.5010006671114076 0.276505464799 -0.267196484973 0.646559873038 0.446258688731
1.534356237491661 0.267856005254 -0.251293289561 0.661280380862 0.436270779621
1.5677118078719146 0.259750073747 -0.23461333193 0.675656619022 0.425622375947
1.601067378252168 0.252212881002 -0.217198334505 0.689667182215 0.414350758683
1.6344229486324215 0.245268249308 -0.199091416094 0.703291898465 0.402494079349
1.667778519012675 0.238938496981 -0.180336954289 0.716511920748 0.390091212317
1.7011340893929285 0.233244484576 -0.1609804063 0.729309673222 0.377181639497
1.734489659773182 0.228205524055 -0.141068120782 0.741668918906 0.363805269954
1.7678452301534355 0.223839355882 -0.120647192563 0.753574768863 0.350002324857
1.801200800533689 0.220162185501 -0.099765363542 0.765013640602 0.335813287039
1.8345563709139425 0.217188561059 -0.0784707652271 0.775973350605 0.321278647662
1.867911941294196 0.21493140322 -0.0568118400677 0.786443079746 0.306438871032
1.9012675116744497 0.213402083457 -0.0348373496906 0.796413299752 0.29133445538
1.9346230820547032 0.212610325372 -0.012596116115 0.805875844651 0.276005687751
1.9679786524349567 0.212564215924 0.00986301240355 0.814823897287 0.260492641429
2.0013342228152102 0.213270198209 0.0324912979429 0.823251984451 0.244835074803
2.0346897931954637 0.214733098705 0.0552401497016 0.83115594871 0.229072433262
2.068045363575717 0.216956140437 0.0780611819264 0.838532931497 0.213243826571
2.1014009339559707 0.219940923834 0.10090634135 0.84538138108 0.19738793156
2.134756504336224 0.223687462021 0.123727896016 0.851701024453 0.181543041516
2.1681120747164777 0.228194172054 0.146478559739 0.857492863663 0.165746974611
2.201467645096731 0.233457909857 0.169111498275 0.8627591507 0.150037107124
2.2348232154769847 0.239473974749 0.191580405076 0.867503377062 0.13445033171
2.268178785857238 0.246236129694 0.213839556862 0.871730257401 0.119023040009
2.3015343562374917 0.253736627443 0.235843855991 0.875445710298 0.103791119481
2.334889926617745 0.261966222035 0.25754890058 0.878656844355 0.0887899185125
2.3682454969979987 0.270914213465 0.278911050098 0.881371933114 0.0740542255497
2.401601067378252 0.280568442065 0.299887466442 0.883600406874 0.0596182584198
2.4349566377585057 0.29091532011 0.320436182929 0.885352831828 0.0455156359831
2.468312208138759 0.301939915735 0.340516252208 0.886640870018 0.0317792826377
2.5016677785190127 0.313625930896 0.360087743114 0.887477277838 0.0184414594598
2.535023348899266 0.325955728116 0.379111808043 0.887875886756 0.00553373592145
2.5683789192795197 0.338910418628 0.397550878569 0.887851558148 -0.00691316216576
2.601734489659773 0.352469893168 0.415368733464 0.887420157789 -0.0188693828247
2.6350900600400267 0.366612846012 0.432530558107 0.886598537988 -0.0303059733981
2.66844563042028 0.381316835466 0.449003076235 0.885404500477 -0.0411949756757
2.7018012008005337 0.396558337112 0.464754661166 0.883856761868 -0.0515095037027
2.735156771180787 0.412312800685 0.479755448867 0.881974916551 -0.061223825772
2.7685123415610406 0.428554710768 0.493977451809 0.879779396781 -0.0703134499145
2.801867911941294 0.44525765356 0.507394670495 0.877291428012 -0.0787552124354
2.8352234823215476 0.462394383068 0.519983205489 0.874532984709 -0.0865273663569
2.868579052701801 0.479936882906 0.531721372309 0.87152674969 -0.0936096685004
2.9019346230820546 0.497856464059 0.542589781913 0.868296044213 -0.0999834699691
2.935290193462308 0.516123831722 0.552571451662 0.864864783248 -0.105631804333
2.9686457638425616 0.534709141134 0.561651924715 0.861257439561 -0.110539473313
3.002001334222815 0.553582136109 0.569819254229 0.857498937222 -0.114693100891
3.0353569046030686 0.572712201633 0.577064144786 0.853614619467 -0.118081231981
3.068712474983322 0.592068435511 0.583380045673 0.849630199257 -0.120694411964
3.1020680453635756 0.611619788861 0.588763011452 0.845571643666 -0.122525156337
3.135423615743829 0.631335118003 0.593211904388 0.841465146051 -0.123568091229
3.1687791861240826 0.651183276402 0.596728400406 0.83733705598 -0.123819987958
3.202134756504336 0.671133233659 0.599316754273 0.833213774071 -0.123279652328
3.2354903268845896 0.691154142681 0.60098405514 0.829121715826 -0.121948112057
3.268845897264843 0.711215462947 0.601740092096 0.825087208786 -0.119828567547
3.3022014676450966 0.731286908789 0.601597126098 0.821136517845 -0.116926221134
3.33555703802535 0.751338823324 0.600570073388 0.817295570117 -0.113248523628
3.3689126084056036 0.771341982767 0.598676338812 0.813590093699 -0.108804994407
3.402268178785857 0.791267792209 0.595935526582 0.810045448036 -0.103607084721
3.4356237491661106 0.811088365911 0.59236951951 0.806686567414 -0.0976682574985
3.468979319546364 0.8307765552 0.588002368528 0.803537931664 -0.0910039188586
3.5023348899266176 0.850306077701 0.582860020988 0.800623447009 -0.0836312689048
3.535690460306871 0.869651527102 0.576970281992 0.797966435112 -0.0755692756204
3.5690460306871246 0.888788459085 0.570362616709 0.795589551969 -0.0668385616151
3.602401601067378 0.90769344937 0.563067953891 0.793514726927 -0.0574612802416
3.6357571714476316 0.92634410215 0.55511864922 0.791763152835 -0.0474610913137
3.669112741827885 0.944719145271 0.54654815198 0.790355184382 -0.0368629490037
3.7024683122081385 0.962798424814 0.537391012141 0.789310342384 -0.0256931046228
3.735823882588392 0.980562950687 0.527682590083 0.78864725023 -0.0139789047354
3.769179452968646 0.997994975341 0.517458843442 0.788383556423 -0.00174866302604
3.8025350233488995 1.01507790368 0.50675639731 0.788536001839 0.010968329601
3.835890593729153 1.03179636524 0.495612279049 0.78912034038 0.0241419769773
3.8692461641094065 1.04813626105 0.484063700657 0.790151281313 0.0377415261946
3.90260173448966 1.06408472288 0.472148017975 0.791642509493 0.0517356209449
3.9359573048699135 1.07963012661 0.459902582674 0.793606657218 0.0660924134181
3.969312875250167 1.09476209482 0.447364621531 0.796055285456 0.0807796637308
4.0026684456304205 1.10947148822 0.434571133553 0.798998874593 0.0957648281919
4.036024016010674 1.12375039648 0.421558792866 0.802446815637 0.111015146131
4.0693795863909275 1.13759212515 0.408363867966 0.80640740507 0.126497718884
4.102735156771181 1.15099117925 0.395022153032 0.81088784336 0.142179581629
4.136090727151434 1.16394324866 0.3815688919 0.815894231488 0.158027779403
4.169446297531688 1.17644519962 0.368038678322 0.821431561264 0.174009455541
4.202801867911941 1.18849504423 0.354465446364 0.827503728776 0.19009189322
4.236157438292195 1.20009190255 0.340882493142 0.834113555882 0.206242540126
4.269513008672448 1.21123598777 0.327322383772 0.841262783559 0.222429096708
4.302868579052702 1.22192857903 0.313816948527 0.848952085548 0.238619553278
4.336224149432955 1.23217203696 0.300397179873 0.857181050675 0.254782273829
4.369579719813209 1.24196972518 0.287093335812 0.865948231742 0.270885986137
4.402935290193462 1.25132599321 0.273934913489 0.875251152671 0.286899830492
4.436290860573716 1.26024617937 0.260950552265 0.885086302964 0.302793445205
4.469646430953969 1.26873655834 0.248168115433 0.89544917157 0.318536961805
4.503002001334223 1.27680431355 0.235614695201 0.906334264723 0.334101039299
4.536357571714476 1.28445752598 0.223316554175 0.91773511532 0.349456935968
4.56971314209473 1.29170514021 0.211299160551 0.929644306912 0.36457652703
4.603068712474983 1.29855693347 0.19958721323 0.942053497157 0.379432328708
4.636424282855237 1.30502349444 0.188204600039 0.954953438524 0.393997558605
4.66977985323549 1.31111619653 0.177174401007 0.968334002188 0.408246172462
4.703135423615744 1.3168471686 0.166518923564 0.982184203633 0.422152884834
4.736490993995997 1.32222926983 0.156259670462 0.996492228337 0.435693224197
4.769846564376251 1.32727606361 0.146417311182 1.01124546023 0.448843586685
4.803202134756504 1.33200179006 0.137011719032 1.02643050883 0.461581255997
4.836557705136758 1.33642133794 0.128061937331 1.0420332428 0.473884457812
4.869913275517011 1.34055021328 0.119586140739 1.05803882347 0.485732412327
4.903268845897265 1.3444045187 0.111601669706 1.07443173319 0.497105364547
4.936624416277518 1.34800092439 0.104125007309 1.09119580935 0.507984632529
4.969979986657772 1.35135662858 0.097171711512 1.10831429285 0.518352660245
5.003335557038025 1.35448932801 0.0907563939988 1.12576986398 0.528193063354
5.036691127418279 1.35741720258 0.0848927641394 1.14354466026 0.537490665362
5.070046697798532 1.36015887948 0.0795935823324 1.16162032145 0.546231545376
5.103402268178786 1.36273337459 0.0748705753666 1.17997808142 0.554403061197
5.136757838559039 1.36516008326 0.0707344639083 1.19859876611 0.561993908264
5.170113408939293 1.36745875397 0.0671949512458 1.21746282393 0.568994166214
5.203468979319546 1.36964944419 0.0642606879724 1.23655038952 0.575395318482
5.2368245496998 1.3717524557 0.0619392434251 1.25584138407 0.58119021238
5.270180120080053 1.37378834027 0.0602370920896 1.27531548816 0.586373191798
5.303535690460307 1.37577785716 0.0591595897431 1.29495220207 0.590940111538
5.33689126084056 1.37774192237 0.0587109806196 1.31473091717 0.594888304989
5.370246831220814 1.3797015578 0.0588944251138 1.33463098855 0.598216516245
5.403602401601067 1.38167787463 0.0597119479539 1.35463174885 0.60092502781
5.436957971981321 1.38369205193 0.0611644506313 1.3747125374 0.603015640802
5.470313542361574 1.38576526195 0.0632517322186 1.39485280461 0.604491637018
5.503669112741828 1.38791867088 0.0659724904938 1.41503210981 0.605357783616
5.537024683122081 1.39017335905 0.0693243582507 1.43523022861 0.605620303207
5.570380253502335 1.3925503416 0.0733039476815 1.45542712142 0.605286811254
5.603735823882588 1.39507045799 0.0779066906992 1.4756031054 0.60436656362
5.637091394262842 1.39775443617 0.0831272620806 1.49573872685 0.602869873391
5.670446964643095 1.40062276288 0.0889592633703 1.51581497944 0.600808587309
5.703802535023349 1.40369571584 0.0953954353626 1.53581324237 0.598195798632
5.737158105403602 1.40699332009 0.10242768862 1.55571534601 0.59504583542
5.770513675783856 1.41053531116 0.110047116504 1.57550363064 0.591374273626
5.803869246164109 1.41434111416 0.118244088808 1.59516097718 0.587197840924
5.837224816544363 1.41842981719 0.127008300038 1.61467085105 0.582534385953
5.870580386924616 1.42282016608 0.136328888375 1.63401730995 0.577402747664
5.90393595730487 1.42753053015 0.146194463644 1.65318506619 0.57182276899
5.937291527685123 1.43257889121 0.156593196622 1.67215950986 0.565815217574
5.970647098065377 1.43798282885 0.167512920238 1.69092674465 0.559401711604
6.00400266844563 1.4437595153 0.178941157954 1.70947359904 0.552604698437
6.037358238825884 1.4499257071 0.190865172933 1.72778764494 0.545447418694
6.070713809206137 1.45649773889 0.203272199466 1.74585725396 0.537953757064
6.104069379586391 1.46349149474 0.216149485758 1.76367163426 0.530148196099
6.137424949966644 1.4709224295 0.229484350931 1.78122082509 0.522055795508
6.170780520346898 1.47880561924 0.24326419962 1.79849565628 0.513702218113
6.204136090727151 1.4871556897 0.257476728197 1.81548785811 0.505113551943
6.237491661107405 1.49598687754 0.272109982746 1.83219002806 0.496316330362
6.270847231487658 1.50531302705 0.287152449533 1.84859565445 0.487337472934
6.304202801867912 1.51514758924 0.302593149204 1.86469914014 0.478204227081
6.337558372248165 1.52550368719 0.318421748064 1.88049578752 0.468944169281
6.370913942628419 1.53639409199 0.334628639177 1.89598183169 0.459585129049
6.404269513008672 1.54783126781 0.351205051927 1.91115444091 0.45015517263
6.437625083388926 1.55982741959 0.368143163198 1.92601171617 0.440682589116
6.470980653769179 1.5723944828 0.385436180709 1.94055271414 0.431195825421
6.504336224149433 1.5855442177 0.403078486475 1.95477743383 0.421723513686
6.537691794529686 1.59928820743 0.421065720079 1.96868683395 0.412294413645
6.57104736490994 1.61363788257 0.439394878652 1.98228284195 0.402937378286
6.604402935290193 1.62860458058 0.458064443897 1.99556835343 0.393681348352
6.637758505670447 1.64419966875 0.477074592454 2.00854722431 0.384555384681
6.6711140760507 1.66043454301 0.49642724663 2.0212242778 0.375588624385
6.704469646430954 1.67732069819 0.516126212084 2.03360530124 0.366810282779
6.737825216811207 1.69486979872 0.536177343419 2.04569705052 0.358249643205
6.771180787191461 1.71309370194 0.556588766115 2.05750729374 0.349935966811
6.804536357571714 1.73200459046 0.577370958302 2.06904476114 0.341898590661
6.837891927951968 1.7516150417 0.59853693364 2.08031915463 0.33416690804
6.871247498332221 1.77193811508 0.620102477149 2.09134115594 0.326770344402
6.904603068712475 1.79298745453 0.642086469937 2.10212244078 0.319738309683
6.937958639092728 1.81477737283 0.664510926217 2.11267565859 0.313100263128
6.971314209472982 1.83732295912 0.687401270624 2.12301443835 0.306885693452
7.004669779853235 1.860640226 0.710786717731 2.13315339471 0.30112410614
7.038025350233489 1.88474626558 0.734700672437 2.14310813385 0.295845012446
7.071380920613742 1.90965931367 0.759180778786 2.15289524284 0.291077952801
7.104736490993996 1.93539891354 0.784269330048 2.16253229431 0.286852489669
7.138092061374249 1.96198614928 0.810013906054 2.17203784751 0.283198206299
7.171447631754503 1.98944381714 0.836467787313 2.18143144872 0.28014470932
7.204803202134756 2.01779652858 0.863690124925 2.19073363083 0.277721635335
7.23815877251501 2.04707093725 0.891746532732 2.19996591399 0.275958654205
7.271514342895263 2.07729610638 0.920710184549 2.20915081303 0.274885490345
7.304869913275517 2.10850367378 0.950662168932 2.21831183569 0.274531924737
7.33822548365577 2.14072803708 0.981691908141 2.22747348104 0.274927798825
7.371581054036024 2.17400667163 1.01389805156 2.23666124317 0.276103031455
7.404936624416277 2.20838066294 1.04739018471 2.24590162049 0.278087663605
7.438292194796531 2.24389493052 1.08228934753 2.25522211522 0.280911863813
7.471647765176784 2.28059857437 1.11872901036 2.26465123646 0.284605948302
7.5050033355570385 2.31854543623 1.15685688253 2.27421850869 0.289200412959
7.538358905937292 2.35779453144 1.19683619207 2.28395447665 0.294725962597
7.5717144763175455 2.39841048541 1.23884696704 2.29389071019 0.301213542547
7.605070046697799 2.44046433607 1.28308889349 2.30405981738 0.308694374425
7.6384256170780525 2.48403424835 1.32978376021 2.31449545553 0.317199993913
7.671781187458306 2.52920596333 1.37917667985 2.32523233607 0.326762290193
7.7051367578385594 2.57607382863 1.43153989979 2.33630623998 0.337413529838
7.738492328218813 2.62474203739 1.48717752868 2.34775403498 0.349186359194
7.771847898599066 2.6753253249 1.54642777876 2.35961368656 0.362113861981
7.80520346897932 2.72795044588 1.60966885242 2.37192426577 0.376229488061
7.838559039359573 2.78275743977 1.67732372739 2.38472596455 0.391567057725
7.871914609739827 2.8399011261 1.74986607735 2.39806011037 0.408160727166
7.90527018012008 2.89955347758 1.82783075515 2.41196916669 0.426044735355
7.938625750500334 2.96190505052 1.91181913417 2.42649675101 0.445253417688
7.971981320880587 3.0271677583 2.00251157824 2.44168762088 0.465820815913
8.005336891260841 3.09557801594 2.10068181332 2.4575876502 0.487780177049
8.038692461641094 3.1673996084 2.20720983588 2.47424381146 0.511163539127
8.072048032021348 3.24292780793 2.32310174181 2.49170410039 0.536000785829
8.105403602401601 3.32249348919 2.44950942193 2.51001748094 0.562318794365
8.138759172781855 3.40646934784 2.58776318242 2.52923370546 0.590139426332
8.172114743162108 3.4952751046 2.73939748971 2.54940320422 0.619478184297
8.205470313542362 3.58938630212 2.90619953147 2.57057672468 0.650340578823
8.238825883922615 3.68934281728 3.09025570635 2.5928050028 0.682718757649
8.272181454302869 3.79576000856 3.29401572916 2.61613820218 0.716586064801
8.305537024683122 3.90934179058 3.5203699645 2.64062521497 0.751890173488
8.338892595063376 4.03089749262 3.77275390624 2.66631260576 0.788542834334
8.37224816544363 4.16136151343 4.05527284413 2.69324325259 0.826406780448
8.405603735823883 4.30181920611 4.37287354137 2.72145432168 0.865276166685
8.438959306204136 4.45353753404 4.73155409568 2.75097464482 0.904851069256
8.47231487658439 4.61800493865 5.13865033036 2.78182097412 0.94470019847
8.505670446964643 4.7969812856 5.60320790013 2.81399290314 0.984209625851
8.539026017344897 4.9925647495 6.13650603151 2.84746530223 1.02250466234
8.57238158772515 5.20727581023 6.75274056291 2.88217812805 1.05834242282
8.605737158105404 5.4441698618 7.46999018701 2.91802160301 1.08994981996
8.639092728485657 5.7069875597 8.3115714366 2.95481491545 1.11478289118
8.67244829886591 6.00036279438 9.30801630985 2.99227423441 1.1291520941
8.705803869246164 6.33010405633 10.4998961645 3.02996640936 1.12765683906
8.739159439626418 6.70359943955 11.9421497233 3.06723718797 1.10226497736
8.772515010006671 7.130394918 13.7106514878 3.10310131647 1.04083260362
8.805870580386925 7.62305585741 15.912701372 3.13606681441 0.924596695988
8.839226150767178 8.19847509232 18.7041450902 3.16384899447 0.723835863354
8.872581721147432 8.8799352379 22.3185871867 3.1828871103 0.390015200635
8.905937291527685 9.70048497623 27.1195168909 3.18749581435 -0.159096263527
8.939292861907939 10.7087303507 33.6985669247 3.16830344881 -1.06924245885
8.972648432288192 11.97934607 43.0735726774 3.10920727177 -2.61365138148
9.006004002668446 13.6335407049 57.1224890309 2.98099467231 -5.34250656525
9.0393595730487 15.8826440595 79.6414017006 2.72668750874 -10.4727035685
9.072715143428953 19.1327199227 119.32150452 2.22345639664 -21.0652112693
9.106070713809206 24.2817030508 200.019500521 1.16482259582 -46.4112761705
9.13942628418946 33.8141436242 409.563701296 -1.41649561311 -124.763525694
9.172781854569713 58.3261451124 1328.7934363 -10.3390834809 -545.953534538
9.206137424949967 342.641691372 57569.947051 -171.459079585 -36394.487944
9.23949299533022 4.99682244954e+12 1.49779701716e+25 -3.83968513034e+12 -1.15094560287e+25
9.272848565710474 2.94569943594e-314 1.06099789548e-313 1.42173717997e-312 4.03009697359e+202
9.306204136090727 4.03776050141e+202 6.44295248102e+289 1.94953959898e+289 2.11859404973e+241
9.33955970647098 -4.58260931559e-294 3.3021071261e-188 3.48166014797e-188 4.03775177071e+202
9.372915276851234 1.96000742834e+289 3.10091440621e+289 9.68499436963e+139 3.33948399277e+289
9.406270847231488 6.97537848135e+252 3.7049332682e+289 4.03776077887e+202 1.9495414577e+289
9.439626417611741 1.3980267935e+294 2.58725824038e+183 -3.49006976961e-241 3.92293571174e+202
9.472981987991995 4.09373701744e+149 2.36495259171e+289 1.03087174638e+291 1.18480740865e-19
9.506337558372248 2.36495259171e+289 4.0377682393e+202 1.36844078156e+241 6.00211212578e+173
9.539693128752502 4.0377607642e+202 6.35891475737e+112 4.03782777734e+202 7.49565642657e+91
9.573048699132755 5.98269338574e-154 5.19700392063e+261 3.17095856627e+180 3.99195779638e+252
9.606404269513009 7.23787076507e+159 1.278267311e-152 9.7502377883e+199 6.01346952611e-154
9.639759839893262 6.12486778044e+257 6.01346953523e-154 4.4759380402e-91 6.01346952913e-154
9.673115410273516 1.94862822514e-153 3.30146359844e-258 6.013470017e-154 1.2773174416e-152
9.70647098065377 2.11750105035e+214 1.18032844519e+243 3.5825122907e+246 2.44087560644e-154
9.739826551034023 8.56486049593e+183 5.38206194533e+228 6.01347001512e-154 7.39675788937e+106
9.773182121414276 1.33856858308e-152 2.50480100207e+262 9.75394659536e+199 4.17520414212e+199
9.80653769179453 1.38760003396e+219 7.47551842821e+247 9.78756978809e+199 6.01346952923e-154
9.839893262174783 2.00903373332e-308 3.32653114292e-111 3.00686030089e-51 2.08900538765e-312
9.873248832555037 8.65345130288e-307 1.33360316203e+241 2.53330340902e+161 1.33360314217e+241
9.90660440293529 3.77248411718e-310 288.000000266 2.15266526138e-312 3.99911748051e+252
9.939959973315544 5.83521274183e+257 8.90389807285e+252 4.77213572988e-307 1.3336030428e+241
9.973315543695797 4.20706885517e-310 8.40609137583e-284 1.26585842482e-306 1.7888161273e+161
10.00667111407605 4.58350134946e-278 1.44480285301e-147 7.09708123525e-313 6.35538056868e+149
10.040026684456304 5.97767421838e+141 8.58330719363e-313 1.18516890559e-303 1.27613549049e-303
10.073382254836558 5.09103221514e-294 1.1849950798e-303 8.96054290544e-299 1.14156408002e+243
10.106737825216811 5.27028211388e+261 7.93569320725e+93 2.55172525213e+151 5.64990511602e-302
10.140093395597065 7.29112201956e-304 5.62949955518e+14 1.79292066244e-313 4.22808510697e-307
10.173448965977318 6.01334979578e-154 8.44106719018e+228 1.2773465767e-152 9.75019444534e+199
10.206804536357572 1.02190319263e-152 5.70729233396e+188 4.82406561767e+228 6.01347001508e-154
10.240160106737825 2.28896089759e+243 6.01347001512e-154 4.47593815907e-91 6.01347001509e-154
10.273515677118079 2.93282804064e+222 2.46816475449e-154 6.013470017e-154 4.72094366362e+164
10.306871247498332 4.26957744001e+257 6.97379769865e+228 7.24958760382e+228 5.98150395153e-154
10.340226817878586 3.32214979985e+257 2.20892683787e+161 6.01347001699e-154 7.77661508236e+160
10.37358238825884 1.94255855115e+227 5.81241634798e+180 4.82407135677e+228 7.33956102507e+223
10.406937958639093 1.75631032264e-152 8.88769596516e+252 4.82412338614e+228 6.01347001509e-154
10.440293529019346 1.64168888248e-306 4.04410054008e-310 1.40771467691e-147 7.30928081435e-313
10.4736490993996 3.56359485164e-309 6.98350748955e-251 1.14156408002e+243 5.27028211388e+261
10.507004669779853 7.93569320725e+93 3.91369769783e+180 1.97983527086e-316 3.13151308585e-294
10.540360240160107 8.73990205889e+245 1.15712260722e-306 2.49211532276e-306 4.22771842165e-307
10.57371581054036 6.01334563922e-154 1.36722756058e+161 1.75631032264e-152 1.14073631466e+243
10.607071380920614 6.18737687708e+223 4.63885912446e-72 2.584150379e+161 1.23781231953e-259
10.640426951300867 6.013470017e-154 -2.68156158599e+154 1.38874747638e-312 1.51365229973e+241
10.67378252168112 6.16270017612e-310 1.40771467691e-147 7.30928081435e-313 3.63964718077e-309
10.707138092061374 2.05226840072e-289 1.14156408002e+243 5.27028211388e+261 7.93569320725e+93
10.740493662441628 5.45045205779e+247 9.30265662696e+242 1.17426753748e+171 9.88131291682e-324
10.773849232821881 4.24399158292e-314 1.11086479657e-310 4.49706398038e-193 4.97922173562e+173
10.807204803202135 5.15069327563e+279 6.01347001699e-154 1.27826180937e-152 9.30214408274e+242
10.840560373582388 2.32066099718e-152 1.89122287164e+219 2.63064217221e+267 4.95240323804e+223
10.873915943962642 6.01334514389e-154 5.60209551712e-310 3.01624968603e-298 2.05210913279e-307
10.907271514342895 4.04410136899e-310 1.40771467829e-147 7.09708123525e-313 1.08785251614e-306
10.940627084723149 7.26303084481e-297 2.90320609329e+20 6.96412840509e+252 4.2695846442e+257
10.973982655103402 2.79806268035e+262 1.17333871256e+171 2.5841509066e+161 3.7177092762e-297
11.007338225483656 2.05226840065e-289 5.6294996181e+14 1.19785004591e-312 2.21717751955e-301
11.040693795863909 1.10892025103e-296 2.21689581721e-287 1.20195546449e-306 4.97049787579e-297
11.074049366244163 1.55809154161e-307 4.23058736343e-307 6.01334557254e-154 1.79032336062e+209
11.107404936624416 2.34785711587e+251 7.69843823717e+218 6.72801381268e+199 2.78362728509e+180
11.14076050700467 6.72796257158e+199 6.01334668343e-154 2.00893612151e-308 5.39198936246e+67
11.174116077384923 1.3336034154e+241 5.99973089938e-310 1.57972774484e-312 1.22135694765e-306
11.207471647765177 2.58415015204e+161 1.40771467691e-147 7.30928081435e-313 3.7048348915e-309
11.24082721814543 2.05226840084e-289 1.20687322075e+199 9.77443734303e+199 9.81676365141e+252
11.274182788525684 5.81543551074e+180 2.28855892047e+243 2.18187075324e+243 1.29750453265e-311
11.307538358905937 4.3458473799e-311 3.63964718073e-310 1.78005909187e-306 1.63376137232e-301
11.34089392928619 2.49294782479e-306 2.1354764776e-287 1.45422303835e-296 3.82743659585e-297
11.374249499666444 9.16767098364e-278 2.51935564282e-306 3.93748420941e-268 1.45335628757e-296
11.407605070046698 6.00812433222e-273 1.64229075167e-287 2.49399082816e-306 9.53254528198e-278
11.440960640426951 2.49570337412e-306 1.97621855723e-277 2.04506193171e-277 1.55852614292e-307
11.474316210807205 3.01546863872e-282 1.07071294237e-296 2.49431268703e-306 6.10682211979e-302
11.507671781187458 2.49468512904e-306 7.24401694082e-292 1.10830327367e-253 4.6006008272e-287
11.541027351567712 1.55852612966e-307 2.49211399121e-306 1.29477355086e-272 -5.4786906751e-85
11.574382921947965 4.62159027536e-273 2.44889835795e-154 3.04284970409e+169 1.02188504871e-152
11.607738492328219 5.73843089033e+180 6.07713471927e+247 1.021893224e-152 9.08367202909e+223
11.641094062708472 1.19489004981e+190 6.01347001699e-154 1.33360289376e+241 2.19711444197e-310
11.674449633088726 5.33441154667e+242 2.51395366684e+241 5.61946925364e-310 5.31266229855e+21
11.707805203468979 5.04485097477e+223 3.66393444312e-310 2.48721654443e-75 5.02385367304e+180
11.741160773849233 7.70014852464e+218 2.52314864789e-310 2.38228016756e-22 3.1724246523e+180
11.774516344229486 3.32653173777e-111 2.42387062577e+214 2.4073047563e-312 3.49907900347e+183
11.80787191460974 7.35535780126e+223 1.12285563093e+219 1.35890334641e+248 6.67277155852e+197
11.841227484989993 4.85213859966e-308 1.3336030577e+241 1.46417709582e-311 1.6102871924e-231
11.874583055370246 1.73157080324e-260 7.8871489037e-251 3.19272833421e-241 7.4268035113e-251
11.9079386257505 7.44385309013e-251 2.90466656934e+180 2.74479502367e+26 9.08367237328e+223
11.941294196130753 3.1145146201e+150 3.707262511e-297 2.05226840065e-289 5.62949963907e+14
11.974649766511007 1.11297021427e-312 1.60622602119e-296 7.2675453669e-292 3.4785197997e-308
12.00800533689126 1.15712261097e-306 1.15712260748e-306 2.78139325184e-308 5.72699274489e-133
12.041360907271514 6.013470017e-154 4.35186920361e+199 1.85195571425e-70 6.01346953497e-154
12.074716477651767 7.63381248671e-308 3.32653114292e-111 7.00089219461e-61 2.94214573846e-307
12.108072048032021 -3.38460759973e+125 1.16325885746e+242 1.81685279623e-310 6.0460884995e-138
12.141427618412274 8.73992361273e+245 1.45964845118e-303 1.90455001733e+185 1.17234090365e+214
12.174783188792528 4.82412338615e+228 5.91851316118e-85 3.66843894886e-297 1.34497461905e-284
12.208138759172781 5.62949963907e+14 1.15541013009e-312 1.60622602119e-296 7.26754538183e-292
12.241494329553035 1.07040320861e-296 2.49257434808e-306 2.49211669195e-306 3.33766387483e-308
12.274849899933288 1.95729481442e-293 6.01347001509e-154 9.25090793074e-71 5.04496050237e+223
12.308205470313542 5.98187964219e-154 -1.80152906674e+199 1.18531867923e+65 1.0916673659e-312
12.341561040693795 1.33360325642e+241 6.48863872962e-310 6.36088591509e-295 1.33360305274e+241
12.374916611074049 1.87117588847e-310 8.3180815768e-295 5.34578712598e-316 1.70416357237e+20
12.408272181454302 6.96412840509e+252 4.2695846442e+257 2.79806268035e+262 6.01124697121e+175
12.441627751834556 1.09683067442e-318 6.95335580978e-309 5.14460197574e+127 5.37654954882e+173
12.47498332221481 1.46569534632e+294 2.12131968334e+289 -3.15063073453e-294 4.03777197715e+202
12.508338892595063 3.48165192869e-188 9.01210155123e-44 4.03777197715e+202 3.49848502449e-188
12.541694462975316 3.67803804636e-188 1.29448964593e+294 5.71794520946e+279 6.01347001699e-154
12.57505003335557 7.72935280597e+228 7.34039530224e+223 7.72935280597e+228 6.05985962922e+233
12.608405603735823 6.013470017e-154 1.33360310242e+241 4.59224689861e-56 2.1951051772e-312
12.641761174116077 1.08168141286e-307 4.0441046846e-310 1.43229092287e+89 2.53462450376e-312
12.67511674449633 1.90869616926e-306 1.33360305273e+241 1.87117588847e-310 1.22324729046e-294
12.708472314876584 1.03192147611e-315 3.20443334083e-241 2.1471778229e+185 1.7893592759e+161
12.741827885256837 9.78756978844e+199 1.14490299031e+243 7.72935280599e+228 3.32019036699e-309
12.775183455637091 9.73469813097e-309 2.11382016571e-307 1.94906338641e+289 3.32524434937e-188
12.808539026017344 1.55582292251e+294 5.07462312032e+173 2.1213197413e+289 1.96096355544e+289
12.841894596397598 6.72971916175e-198 3.67803256684e-188 1.99950331616e+289 6.7215324068e-198
12.875250166777851 3.39395943173e-111 6.01346952837e-154 8.88769595777e+252 2.35039946637e+180
12.908605737158105 2.46491980873e-154 2.17371177834e+68 2.00995441321e-309 4.20707064573e-310
12.941961307538358 3.61038875346e-274 4.10421826559e-307 1.33360347999e+241 6.65160800637e-310
12.975316877918612 1.90876603602e-306 1.33360305273e+241 1.87117588847e-310 1.95719566492e-294
13.008672448298865 7.00359633767e-316 5.15402447278e+279 4.77092983906e+180 8.44150821726e+228
13.042028018679119 1.84128299986e+228 2.38231501217e+180 5.06624082462e-314 1.69759663277e-313
13.075383589059372 1.42173717997e-312 1.58854010252e+135 1.63565775302e+294 1.99950331634e+289
13.108739159439626 2.1213197413e+289 1.96096541422e+289 6.72972554076e-198 3.85758558871e-188
13.14209472981988 1.99950331616e+289 6.7215324068e-198 3.3939626042e-111 6.01346952837e-154
13.175450300200133 6.01124622755e+175 2.54830820764e+161 2.46491980873e-154 1.34104862608e-110
13.208805870580386 7.00089219461e-61 2.94215252884e-307 1.33360329617e+241 6.54296182187e-310
13.24216144096064 2.80665043973e+291 1.36329878096e+242 1.81685279623e-310 9.22559890659e-143
13.275517011340893 8.15807913073e-313 4.58987689624e-311 1.05612129139e-96 2.90466656931e+180
13.308872581721147 2.74479502367e+26 9.08367237328e+223 3.1145146201e+150 4.71088142065e-309
13.3422281521014 5.56268464627e-309 2.11382016566e-307 5.72778190284e+250 -3.60399377492e-294
13.375583722481654 4.77259701302e+202 1.94954145767e+289 -3.81348959571e-294 2.11847024515e+289
13.408939292861907 2.37399293564e+289 1.53370220336e-257 6.013470017e-154 5.47820577111e+241
13.44229486324216 7.26610599785e+223 8.73773215613e+183 1.6920153929e+190 5.49441809478e+222
13.475650433622414 2.88699156092e+214 3.80883759907e+180 1.1447640373e-259 6.013470017e-154
13.509006004002668 2.44141101167e-152 9.4375922444e+218 2.38084591268e+228 2.40504972945e-152
13.542361574382921 3.17095856627e+180 2.13780891352e+161 5.02423203716e+175 1.49003465674e+195
13.575717144763175 6.01346952924e-154 -4.68796531311e+125 3.38735113442e-307 -3.38460743582e+125
13.609072715143428 1.14490542607e+243 1.38907826447e+195 1.68048165319e+241 5.89108471488e-310
13.642428285523682 2.38954691956e+180 3.68777420625e+180 2.07724995698e+243 1.81685279623e-310
13.675783855903935 8.2480043322e+252 8.73992520811e+245 1.36797540821e-303 2.97223463264e-99
13.709139426284189 6.20198208304e+223 2.11832805105e+214 2.10916494757e+214 1.44426809835e+214
13.742494996664442 3.64912132928e+233 7.35535586563e-308 3.32653130402e-111 7.69152975636e+218
13.775850567044696 6.92131830607e+218 -2.12368095464e+127 8.20710278319e+223 6.10001908919e+149
13.80920613742495 5.91085971189e-85 1.04922745008e-312 1.74920357041e-307 1.33360326139e+241
13.842561707805203 3.98977648618e-310 4.26241868239e+180 1.83440521871e-312 4.23394180988e-308
13.875917278185456 1.33360338063e+241 6.21702326837e-310 4.03154054116e+103 2.21632513511e-312
13.90927284856571 1.39936285633e-306 1.33360306267e+241 1.97982207297e-310 1.70182261965e-123
13.942628418945963 2.47096463003e-312 4.85213859966e-308 1.33360305273e+241 1.59956042723e-310
13.975983989326217 2.49755848925e-307 8.2078828982e-304 1.09384770225e-303 8.20430626517e-304
14.00933955970647 1.09385048359e-303 2.96677582295e-236 6.67285160531e-193 1.3251834851e-279
14.042695130086724 5.71472561127e-270 1.60126790429e-255 1.51365229973e+241 7.847140435e-311
14.076050700466977 2.76805218739e-312 6.14372934906e+257 1.32915991336e-311 2.95526649707e-287
14.10940627084723 1.8911864761e+219 3.38460722149e+125 3.60962014237e+227 1.14573404412e+243
14.142761841227484 3.5012930551e-311 9.0913609911e+276 4.61559563092e+281 7.03543103352e+199
14.176117411607738 3.3846066541e+125 3.11732879694e+150 9.78747303397e+199 1.55968468657e-239
14.209472981987991 1.04972250062e+214 3.66605634875e-263 9.3165384642e+242 6.10009725538e+149
14.242828552368245 7.09408202345e-283 3.10095122005e+183 1.64116060452e-292 1.91928310248e-312
14.276184122748498 6.7667892873e+226 4.09512166912e-308 1.33360305273e+241 1.81685279623e-310
14.309539693128752 5.03961302628e-266 3.99046880467e-08 1.76274190356e-310 1.37126151183e-231
14.342895263509005 4.0334723269e-270 9.37396078317e-280 2.76396032354e-306 3.26083326255e-322
14.376250833889259 0.0 1.90595704196e-319 0.0 0.0
14.409606404269512 0.0 0.0 0.0 0.0
14.442961974649766 0.0 0.0 0.0 0.0
14.47631754503002 0.0 0.0 0.0 0.0
14.509673115410273 0.0 0.0 0.0 0.0
14.543028685790526 0.0 0.0 0.0 0.0
14.57638425617078 0.0 0.0 0.0 0.0
14.609739826551033 0.0 0.0 0.0 0.0
14.643095396931287 0.0 0.0 0.0 0.0
14.67645096731154 0.0 0.0 0.0 0.0
14.709806537691794 0.0 0.0 0.0 0.0
14.743162108072047 0.0 0.0 0.0 0.0
14.7765176784523 0.0 0.0 0.0 0.0
14.809873248832554 0.0 0.0 0.0 0.0
14.843228819212808 0.0 0.0 0.0 0.0
14.876584389593061 0.0 0.0 0.0 0.0
14.909939959973315 0.0 0.0 0.0 0.0
14.943295530353568 0.0 0.0 0.0 0.0
14.976651100733822 0.0 0.0 0.0 0.0
15.010006671114077 0.0 0.0 0.0 0.0
15.04336224149433 0.0 0.0 0.0 0.0
15.076717811874584 0.0 0.0 0.0 0.0
15.110073382254837 0.0 0.0 0.0 0.0
15.143428952635091 0.0 0.0 0.0 0.0
15.176784523015344 0.0 0.0 0.0 0.0
15.210140093395598 0.0 0.0 0.0 0.0
15.243495663775851 0.0 0.0 0.0 0.0
15.276851234156105 0.0 0.0 0.0 0.0
15.310206804536358 0.0 0.0 0.0 0.0
15.343562374916612 0.0 0.0 0.0 0.0
15.376917945296865 0.0 0.0 0.0 0.0
15.410273515677119 0.0 0.0 0.0 0.0
15.443629086057372 0.0 0.0 0.0 0.0
15.476984656437626 0.0 0.0 0.0 0.0
15.51034022681788 0.0 0.0 0.0 0.0
15.543695797198133 0.0 0.0 0.0 0.0
15.577051367578386 0.0 0.0 0.0 0.0
15.61040693795864 0.0 0.0 0.0 0.0
15.643762508338893 0.0 0.0 0.0 0.0
15.677118078719147 0.0 0.0 0.0 0.0
15.7104736490994 0.0 0.0 0.0 0.0
15.743829219479654 0.0 0.0 0.0 0.0
15.777184789859907 0.0 0.0 0.0 0.0
15.81054036024016 0.0 0.0 0.0 0.0
15.843895930620414 0.0 0.0 0.0 0.0
15.877251501000668 0.0 0.0 0.0 0.0
15.910607071380921 0.0 0.0 0.0 0.0
15.943962641761175 0.0 0.0 0.0 0.0
15.977318212141428 0.0 0.0 0.0 0.0
16.010673782521682 0.0 0.0 0.0 0.0
16.044029352901934 0.0 0.0 0.0 0.0
16.07738492328219 0.0 0.0 0.0 0.0
16.11074049366244 0.0 0.0 0.0 0.0
16.144096064042696 0.0 0.0 0.0 0.0
16.177451634422948 0.0 0.0 0.0 0.0
16.210807204803203 0.0 0.0 0.0 0.0
16.244162775183455 0.0 0.0 0.0 0.0
16.27751834556371 0.0 0.0 0.0 0.0
16.31087391594396 0.0 0.0 0.0 0.0
16.344229486324217 0.0 0.0 0.0 0.0
16.37758505670447 0.0 0.0 0.0 0.0
16.410940627084724 0.0 0.0 0.0 0.0
16.444296197464976 0.0 0.0 0.0 0.0
16.47765176784523 0.0 0.0 0.0 0.0
16.511007338225482 0.0 0.0 0.0 0.0
16.544362908605738 0.0 0.0 0.0 0.0
16.57771847898599 0.0 0.0 0.0 0.0
16.611074049366245 0.0 0.0 0.0 0.0
16.644429619746496 0.0 0.0 0.0 0.0
16.67778519012675 0.0 0.0 0.0 0.0
16.711140760507003 0.0 0.0 0.0 0.0
16.74449633088726 0.0 0.0 0.0 0.0
16.77785190126751 0.0 0.0 0.0 0.0
16.811207471647766 0.0 0.0 0.0 0.0
16.844563042028017 0.0 0.0 0.0 0.0
16.877918612408273 0.0 0.0 0.0 0.0
16.911274182788524 0.0 0.0 0.0 0.0
16.94462975316878 0.0 0.0 0.0 0.0
16.97798532354903 0.0 0.0 0.0 0.0
17.011340893929287 0.0 0.0 0.0 0.0
17.04469646430954 0.0 0.0 0.0 0.0
17.078052034689794 0.0 0.0 0.0 0.0
17.111407605070045 0.0 0.0 0.0 0.0
17.1447631754503 0.0 0.0 0.0 0.0
17.178118745830552 0.0 0.0 0.0 0.0
17.211474316210808 0.0 0.0 0.0 0.0
17.24482988659106 0.0 0.0 0.0 0.0
17.278185456971315 0.0 0.0 0.0 0.0
17.311541027351566 0.0 0.0 0.0 0.0
17.34489659773182 0.0 0.0 0.0 0.0
17.378252168112073 0.0 0.0 0.0 0.0
17.41160773849233 0.0 0.0 0.0 0.0
17.44496330887258 0.0 0.0 0.0 0.0
17.478318879252836 0.0 0.0 0.0 0.0
17.511674449633087 0.0 0.0 0.0 0.0
17.545030020013343 0.0 0.0 0.0 0.0
17.578385590393594 0.0 0.0 0.0 0.0
17.61174116077385 0.0 0.0 0.0 0.0
17.6450967311541 0.0 0.0 0.0 0.0
17.678452301534357 0.0 0.0 0.0 0.0
17.71180787191461 0.0 0.0 0.0 0.0
17.745163442294864 0.0 0.0 0.0 0.0
17.778519012675115 0.0 0.0 0.0 0.0
17.81187458305537 0.0 0.0 0.0 0.0
17.845230153435622 0.0 0.0 0.0 0.0
17.878585723815878 0.0 0.0 0.0 0.0
17.91194129419613 0.0 0.0 0.0 0.0
17.945296864576385 0.0 0.0 0.0 0.0
17.978652434956636 0.0 0.0 0.0 0.0
18.01200800533689 0.0 0.0 0.0 0.0
18.045363575717143 0.0 0.0 0.0 0.0
18.0787191460974 0.0 0.0 0.0 0.0
18.11207471647765 0.0 0.0 0.0 0.0
18.145430286857906 0.0 0.0 0.0 0.0
18.178785857238157 0.0 0.0 0.0 0.0
18.212141427618413 0.0 0.0 0.0 0.0
18.245496997998664 0.0 0.0 0.0 0.0
18.27885256837892 0.0 0.0 0.0 0.0
18.31220813875917 0.0 0.0 0.0 0.0
18.345563709139427 0.0 0.0 0.0 0.0
18.37891927951968 0.0 0.0 0.0 0.0
18.412274849899934 0.0 0.0 0.0 0.0
18.445630420280185 0.0 0.0 0.0 0.0
18.47898599066044 0.0 0.0 0.0 0.0
18.512341561040692 0.0 0.0 0.0 0.0
18.545697131420948 0.0 0.0 0.0 0.0
18.5790527018012 0.0 0.0 0.0 0.0
18.612408272181455 0.0 0.0 0.0 0.0
18.645763842561706 0.0 0.0 0.0 0.0
18.67911941294196 0.0 0.0 0.0 0.0
18.712474983322213 0.0 0.0 0.0 0.0
18.74583055370247 0.0 0.0 0.0 0.0
18.77918612408272 0.0 0.0 0.0 0.0
18.812541694462976 0.0 0.0 0.0 0.0
18.845897264843227 0.0 0.0 0.0 0.0
18.879252835223483 0.0 0.0 0.0 0.0
18.912608405603734 0.0 0.0 0.0 0.0
18.94596397598399 0.0 0.0 0.0 0.0
18.97931954636424 0.0 0.0 0.0 0.0
19.012675116744497 0.0 0.0 0.0 0.0
19.04603068712475 0.0 0.0 0.0 0.0
19.079386257505003 0.0 0.0 0.0 0.0
19.112741827885255 0.0 0.0 0.0 0.0
19.14609739826551 0.0 0.0 0.0 0.0
19.179452968645762 0.0 0.0 0.0 0.0
19.212808539026017 0.0 0.0 0.0 0.0
19.24616410940627 0.0 0.0 0.0 0.0
19.279519679786524 0.0 0.0 0.0 0.0
19.312875250166776 0.0 0.0 0.0 0.0
19.34623082054703 0.0 0.0 0.0 0.0
19.379586390927283 0.0 0.0 0.0 0.0
19.41294196130754 0.0 0.0 0.0 0.0
19.44629753168779 0.0 0.0 0.0 0.0
19.479653102068045 0.0 0.0 0.0 0.0
19.513008672448297 0.0 0.0 0.0 0.0
19.546364242828552 0.0 0.0 0.0 0.0
19.579719813208804 0.0 0.0 0.0 0.0
19.61307538358906 0.0 0.0 0.0 0.0
19.64643095396931 0.0 0.0 0.0 0.0
19.679786524349566 0.0 0.0 0.0 0.0
19.713142094729818 0.0 0.0 0.0 0.0
19.746497665110073 0.0 0.0 0.0 0.0
19.779853235490325 0.0 0.0 0.0 0.0
19.81320880587058 0.0 0.0 0.0 0.0
19.846564376250832 0.0 0.0 0.0 0.0
19.879919946631087 0.0 0.0 0.0 0.0
19.91327551701134 0.0 0.0 0.0 0.0
19.946631087391594 0.0 0.0 0.0 0.0
19.979986657771846 0.0 0.0 0.0 0.0
20.0133422281521 0.0 0.0 0.0 0.0
20.046697798532357 0.0 0.0 0.0 0.0
20.08005336891261 0.0 0.0 0.0 0.0
20.113408939292864 0.0 0.0 0.0 0.0
20.146764509673115 0.0 0.0 0.0 0.0
20.18012008005337 0.0 0.0 0.0 0.0
20.213475650433622 0.0 0.0 0.0 0.0
20.246831220813878 0.0 0.0 0.0 0.0
20.28018679119413 0.0 0.0 0.0 0.0
20.313542361574385 0.0 0.0 0.0 0.0
20.346897931954636 0.0 0.0 0.0 0.0
20.38025350233489 0.0 0.0 0.0 0.0
20.413609072715143 0.0 0.0 0.0 0.0
20.4469646430954 0.0 0.0 0.0 0.0
20.48032021347565 0.0 0.0 0.0 0.0
20.513675783855906 0.0 0.0 0.0 0.0
20.547031354236157 0.0 0.0 0.0 0.0
20.580386924616413 0.0 0.0 0.0 0.0
20.613742494996664 0.0 0.0 0.0 0.0
20.64709806537692 0.0 0.0 0.0 0.0
20.68045363575717 0.0 0.0 0.0 0.0
20.713809206137427 0.0 0.0 0.0 0.0
20.74716477651768 0.0 0.0 0.0 0.0
20.780520346897934 0.0 0.0 0.0 0.0
20.813875917278185 0.0 0.0 0.0 0.0
20.84723148765844 0.0 0.0 0.0 0.0
20.880587058038692 0.0 0.0 0.0 0.0
20.913942628418948 0.0 0.0 0.0 0.0
20.9472981987992 0.0 0.0 0.0 0.0
20.980653769179455 0.0 0.0 0.0 0.0
21.014009339559706 0.0 0.0 0.0 0.0
21.04736490993996 0.0 0.0 0.0 0.0
21.080720480320213 0.0 0.0 0.0 0.0
21.11407605070047 0.0 0.0 0.0 0.0
21.14743162108072 0.0 0.0 0.0 0.0
21.180787191460976 0.0 0.0 0.0 0.0
21.214142761841227 0.0 0.0 0.0 0.0
21.247498332221483 0.0 0.0 0.0 0.0
21.280853902601734 0.0 0.0 0.0 0.0
21.31420947298199 0.0 0.0 0.0 0.0
21.34756504336224 0.0 0.0 0.0 0.0
21.380920613742497 0.0 0.0 0.0 0.0
21.41427618412275 0.0 0.0 0.0 0.0
21.447631754503004 0.0 0.0 0.0 0.0
21.480987324883255 0.0 0.0 0.0 0.0
21.51434289526351 0.0 0.0 0.0 0.0
21.547698465643762 0.0 0.0 0.0 0.0
21.581054036024018 0.0 0.0 0.0 0.0
21.61440960640427 0.0 0.0 0.0 0.0
21.647765176784524 0.0 0.0 0.0 0.0
21.681120747164776 0.0 0.0 0.0 0.0
21.71447631754503 0.0 0.0 0.0 0.0
21.747831887925283 0.0 0.0 0.0 0.0
21.78118745830554 0.0 0.0 0.0 0.0
21.81454302868579 0.0 0.0 0.0 0.0
21.847898599066045 0.0 0.0 0.0 0.0
21.881254169446297 0.0 0.0 0.0 0.0
21.914609739826552 0.0 0.0 0.0 0.0
21.947965310206804 0.0 0.0 0.0 0.0
21.98132088058706 0.0 0.0 0.0 0.0
22.01467645096731 0.0 0.0 0.0 0.0
22.048032021347566 0.0 0.0 0.0 0.0
22.081387591727818 0.0 0.0 0.0 0.0
22.114743162108073 0.0 0.0 0.0 0.0
22.148098732488325 0.0 0.0 0.0 0.0
22.18145430286858 0.0 0.0 0.0 0.0
22.214809873248832 0.0 0.0 0.0 0.0
22.248165443629087 0.0 0.0 0.0 0.0
22.28152101400934 0.0 0.0 0.0 0.0
22.314876584389594 0.0 0.0 0.0 0.0
22.348232154769846 0.0 0.0 0.0 0.0
22.3815877251501 0.0 0.0 0.0 0.0
22.414943295530353 0.0 0.0 0.0 0.0
22.44829886591061 0.0 0.0 0.0 0.0
22.48165443629086 0.0 0.0 0.0 0.0
22.515010006671115 0.0 0.0 0.0 0.0
22.548365577051367 0.0 0.0 0.0 0.0
22.581721147431622 0.0 0.0 0.0 0.0
22.615076717811874 0.0 0.0 0.0 0.0
22.64843228819213 0.0 0.0 0.0 0.0
22.68178785857238 0.0 0.0 0.0 0.0
22.715143428952636 0.0 0.0 0.0 0.0
22.748498999332888 0.0 0.0 0.0 0.0
22.781854569713143 0.0 0.0 0.0 0.0
22.815210140093395 0.0 0.0 0.0 0.0
22.84856571047365 0.0 0.0 0.0 0.0
22.881921280853902 0.0 0.0 0.0 0.0
22.915276851234157 0.0 0.0 0.0 0.0
22.94863242161441 0.0 0.0 0.0 0.0
22.981987991994664 0.0 0.0 0.0 0.0
23.015343562374916 0.0 0.0 0.0 0.0
23.04869913275517 0.0 0.0 0.0 0.0
23.082054703135423 0.0 0.0 0.0 0.0
23.11541027351568 0.0 0.0 0.0 0.0
23.14876584389593 0.0 0.0 0.0 0.0
23.182121414276185 0.0 0.0 0.0 0.0
23.215476984656437 0.0 0.0 0.0 0.0
23.248832555036692 0.0 0.0 0.0 0.0
23.282188125416944 0.0 0.0 0.0 0.0
23.3155436957972 0.0 0.0 0.0 0.0
23.34889926617745 0.0 0.0 0.0 0.0
23.382254836557706 0.0 0.0 0.0 0.0
23.415610406937958 0.0 0.0 0.0 0.0
23.448965977318213 0.0 0.0 0.0 0.0
23.482321547698465 0.0 0.0 0.0 0.0
23.51567711807872 0.0 0.0 0.0 0.0
23.549032688458972 0.0 0.0 0.0 0.0
23.582388258839227 0.0 0.0 0.0 0.0
23.61574382921948 0.0 0.0 0.0 0.0
23.649099399599734 0.0 0.0 0.0 0.0
23.682454969979986 0.0 0.0 0.0 0.0
23.71581054036024 0.0 0.0 0.0 0.0
23.749166110740493 0.0 0.0 0.0 0.0
23.78252168112075 0.0 0.0 0.0 0.0
23.815877251501 0.0 0.0 0.0 0.0
23.849232821881255 0.0 0.0 0.0 0.0
23.882588392261507 0.0 0.0 0.0 0.0
23.915943962641762 0.0 0.0 0.0 0.0
23.949299533022014 0.0 0.0 0.0 0.0
23.98265510340227 0.0 0.0 0.0 0.0
24.01601067378252 0.0 0.0 0.0 0.0
24.049366244162776 0.0 0.0 0.0 0.0
24.082721814543028 0.0 0.0 0.0 0.0
24.116077384923283 0.0 0.0 0.0 0.0
24.149432955303535 0.0 0.0 0.0 0.0
24.18278852568379 0.0 0.0 0.0 0.0
24.216144096064042 0.0 0.0 0.0 0.0
24.249499666444297 0.0 0.0 0.0 0.0
24.28285523682455 0.0 0.0 0.0 0.0
24.316210807204804 0.0 0.0 0.0 0.0
24.349566377585056 0.0 0.0 0.0 0.0
24.38292194796531 0.0 0.0 0.0 0.0
24.416277518345563 0.0 0.0 0.0 0.0
24.449633088725818 0.0 0.0 0.0 0.0
24.48298865910607 0.0 0.0 0.0 0.0
24.516344229486325 0.0 0.0 0.0 0.0
24.549699799866577 0.0 0.0 0.0 0.0
24.583055370246832 0.0 0.0 0.0 0.0
24.616410940627084 0.0 0.0 0.0 0.0
24.64976651100734 0.0 0.0 0.0 0.0
24.68312208138759 0.0 0.0 0.0 0.0
24.716477651767846 0.0 0.0 0.0 0.0
24.749833222148098 0.0 0.0 0.0 0.0
24.783188792528353 0.0 0.0 0.0 0.0
24.816544362908605 0.0 0.0 0.0 0.0
24.84989993328886 0.0 0.0 0.0 0.0
24.883255503669112 0.0 0.0 0.0 0.0
24.916611074049367 0.0 0.0 0.0 0.0
24.94996664442962 0.0 0.0 0.0 0.0
24.983322214809874 0.0 0.0 0.0 0.0
25.016677785190126 0.0 0.0 0.0 0.0
25.05003335557038 0.0 0.0 0.0 0.0
25.083388925950633 0.0 0.0 0.0 0.0
25.116744496330888 0.0 0.0 0.0 0.0
25.15010006671114 0.0 0.0 0.0 0.0
25.183455637091395 0.0 0.0 0.0 0.0
25.216811207471647 0.0 0.0 0.0 0.0
25.250166777851902 0.0 0.0 0.0 0.0
25.283522348232154 0.0 0.0 0.0 0.0
25.31687791861241 0.0 0.0 0.0 0.0
25.35023348899266 0.0 0.0 0.0 0.0
25.383589059372916 0.0 0.0 0.0 0.0
25.416944629753168 0.0 0.0 0.0 0.0
25.450300200133423 0.0 0.0 0.0 0.0
25.483655770513675 0.0 0.0 0.0 0.0
25.51701134089393 0.0 0.0 0.0 0.0
25.550366911274182 0.0 0.0 0.0 0.0
25.583722481654437 0.0 0.0 0.0 0.0
25.61707805203469 0.0 0.0 0.0 0.0
25.650433622414944 0.0 0.0 0.0 0.0
25.683789192795196 0.0 0.0 0.0 0.0
25.71714476317545 0.0 0.0 0.0 0.0
25.750500333555703 0.0 0.0 0.0 0.0
25.783855903935958 0.0 0.0 0.0 0.0
25.81721147431621 0.0 0.0 0.0 0.0
25.850567044696465 0.0 0.0 0.0 0.0
25.883922615076717 0.0 0.0 0.0 0.0
25.917278185456972 0.0 0.0 0.0 0.0
25.950633755837224 0.0 0.0 0.0 0.0
25.98398932621748 0.0 0.0 0.0 0.0
26.01734489659773 0.0 0.0 0.0 0.0
26.050700466977986 0.0 0.0 0.0 0.0
26.084056037358238 0.0 0.0 0.0 0.0
26.117411607738493 0.0 0.0 0.0 0.0
26.150767178118745 0.0 0.0 0.0 0.0
26.184122748499 0.0 0.0 0.0 0.0
26.21747831887925 0.0 0.0 0.0 0.0
26.250833889259507 0.0 0.0 0.0 0.0
26.28418945963976 0.0 0.0 0.0 0.0
26.317545030020014 0.0 0.0 0.0 0.0
26.350900600400266 0.0 0.0 0.0 0.0
26.38425617078052 0.0 0.0 0.0 0.0
26.417611741160773 0.0 0.0 0.0 0.0
26.450967311541028 0.0 0.0 0.0 0.0
26.48432288192128 0.0 0.0 0.0 0.0
26.517678452301535 0.0 0.0 0.0 0.0
26.551034022681787 0.0 0.0 0.0 0.0
26.584389593062042 0.0 0.0 0.0 0.0
26.617745163442294 0.0 0.0 0.0 0.0
26.65110073382255 0.0 0.0 0.0 0.0
26.6844563042028 0.0 0.0 0.0 0.0
26.717811874583056 0.0 0.0 0.0 0.0
26.751167444963308 0.0 0.0 0.0 0.0
26.784523015343563 0.0 0.0 0.0 0.0
26.817878585723815 0.0 0.0 0.0 0.0
26.85123415610407 0.0 0.0 0.0 0.0
26.88458972648432 0.0 0.0 0.0 0.0
26.917945296864577 0.0 0.0 0.0 0.0
26.95130086724483 0.0 0.0 0.0 0.0
26.984656437625084 0.0 0.0 0.0 0.0
27.018012008005336 0.0 0.0 0.0 0.0
27.05136757838559 0.0 0.0 0.0 0.0
27.084723148765843 0.0 0.0 0.0 0.0
27.118078719146098 0.0 0.0 0.0 0.0
27.15143428952635 0.0 0.0 0.0 0.0
27.184789859906605 0.0 0.0 0.0 0.0
27.218145430286857 0.0 0.0 0.0 0.0
27.251501000667112 0.0 0.0 0.0 0.0
27.284856571047364 0.0 0.0 0.0 0.0
27.31821214142762 0.0 0.0 0.0 0.0
27.35156771180787 0.0 0.0 0.0 0.0
27.384923282188126 0.0 0.0 0.0 0.0
27.418278852568378 0.0 0.0 0.0 0.0
27.451634422948633 0.0 0.0 0.0 0.0
27.484989993328885 0.0 0.0 0.0 0.0
27.51834556370914 0.0 0.0 0.0 0.0
27.55170113408939 0.0 0.0 0.0 0.0
27.585056704469647 0.0 0.0 0.0 0.0
27.6184122748499 0.0 0.0 0.0 0.0
27.651767845230154 0.0 0.0 0.0 0.0
27.685123415610406 0.0 0.0 0.0 0.0
27.71847898599066 0.0 0.0 0.0 0.0
27.751834556370913 0.0 0.0 0.0 0.0
27.785190126751168 0.0 0.0 0.0 0.0
27.81854569713142 0.0 0.0 0.0 0.0
27.851901267511675 0.0 0.0 0.0 0.0
27.885256837891927 0.0 0.0 0.0 0.0
27.918612408272182 0.0 0.0 0.0 0.0
27.951967978652434 0.0 0.0 0.0 0.0
27.98532354903269 0.0 0.0 0.0 0.0
28.01867911941294 0.0 0.0 0.0 0.0
28.052034689793196 0.0 0.0 0.0 0.0
28.085390260173448 0.0 0.0 0.0 0.0
28.118745830553703 0.0 0.0 0.0 0.0
28.152101400933955 0.0 0.0 0.0 0.0
28.18545697131421 0.0 0.0 0.0 0.0
28.21881254169446 0.0 0.0 0.0 0.0
28.252168112074717 0.0 0.0 0.0 0.0
28.28552368245497 0.0 0.0 0.0 0.0
28.318879252835224 0.0 0.0 0.0 0.0
28.352234823215476 0.0 0.0 0.0 0.0
28.38559039359573 0.0 0.0 0.0 0.0
28.418945963975982 0.0 0.0 0.0 0.0
28.452301534356238 0.0 0.0 0.0 0.0
28.48565710473649 0.0 0.0 0.0 0.0
28.519012675116745 0.0 0.0 0.0 0.0
28.552368245496996 0.0 0.0 0.0 0.0
28.58572381587725 0.0 0.0 0.0 0.0
28.619079386257503 0.0 0.0 0.0 0.0
28.65243495663776 0.0 0.0 0.0 0.0
28.68579052701801 0.0 0.0 0.0 0.0
28.719146097398266 0.0 0.0 0.0 0.0
28.752501667778517 0.0 0.0 0.0 0.0
28.785857238158773 0.0 0.0 0.0 0.0
28.819212808539024 0.0 0.0 0.0 0.0
28.85256837891928 0.0 0.0 0.0 0.0
28.88592394929953 0.0 0.0 0.0 0.0
28.919279519679787 0.0 0.0 0.0 0.0
28.95263509006004 0.0 0.0 0.0 0.0
28.985990660440294 0.0 0.0 0.0 0.0
29.019346230820545 0.0 0.0 0.0 0.0
29.0527018012008 0.0 0.0 0.0 0.0
29.086057371581052 0.0 0.0 0.0 0.0
29.119412941961308 0.0 0.0 0.0 0.0
29.15276851234156 0.0 0.0 0.0 0.0
29.186124082721815 0.0 0.0 0.0 0.0
29.219479653102066 0.0 0.0 0.0 0.0
29.25283522348232 0.0 0.0 0.0 0.0
29.286190793862573 0.0 0.0 0.0 0.0
29.31954636424283 0.0 0.0 0.0 0.0
29.35290193462308 0.0 0.0 0.0 0.0
29.386257505003336 0.0 0.0 0.0 0.0
29.419613075383587 0.0 0.0 0.0 0.0
29.452968645763843 0.0 0.0 0.0 0.0
29.486324216144094 0.0 0.0 0.0 0.0
29.51967978652435 0.0 0.0 0.0 0.0
29.5530353569046 0.0 0.0 0.0 0.0
29.586390927284857 0.0 0.0 0.0 0.0
29.61974649766511 0.0 0.0 0.0 0.0
29.653102068045364 0.0 0.0 0.0 0.0
29.686457638425615 0.0 0.0 0.0 0.0
29.71981320880587 0.0 0.0 0.0 0.0
29.753168779186122 0.0 0.0 0.0 0.0
29.786524349566378 0.0 0.0 0.0 0.0
29.81987991994663 0.0 0.0 0.0 0.0
29.853235490326885 0.0 0.0 0.0 0.0
29.886591060707136 0.0 0.0 0.0 0.0
29.91994663108739 0.0 0.0 0.0 0.0
29.953302201467643 0.0 0.0 0.0 0.0
29.9866577718479 0.0 0.0 0.0 0.0
30.020013342228154 0.0 0.0 0.0 0.0
30.053368912608406 0.0 0.0 0.0 0.0
30.08672448298866 0.0 0.0 0.0 0.0
30.120080053368913 0.0 0.0 0.0 0.0
30.153435623749168 0.0 0.0 0.0 0.0
30.18679119412942 0.0 0.0 0.0 0.0
30.220146764509675 0.0 0.0 0.0 0.0
30.253502334889927 0.0 0.0 0.0 0.0
30.286857905270182 0.0 0.0 0.0 0.0
30.320213475650434 0.0 0.0 0.0 0.0
30.35356904603069 0.0 0.0 0.0 0.0
30.38692461641094 0.0 0.0 0.0 0.0
30.420280186791196 0.0 0.0 0.0 0.0
30.453635757171448 0.0 0.0 0.0 0.0
30.486991327551703 0.0 0.0 0.0 0.0
30.520346897931955 0.0 0.0 0.0 0.0
30.55370246831221 0.0 0.0 0.0 0.0
30.58705803869246 0.0 0.0 0.0 0.0
30.620413609072717 0.0 0.0 0.0 0.0
30.65376917945297 0.0 0.0 0.0 0.0
30.687124749833224 0.0 0.0 0.0 0.0
30.720480320213476 0.0 0.0 0.0 0.0
30.75383589059373 0.0 0.0 0.0 0.0
30.787191460973983 0.0 0.0 0.0 0.0
30.820547031354238 0.0 0.0 0.0 0.0
30.85390260173449 0.0 0.0 0.0 0.0
30.887258172114745 0.0 0.0 0.0 0.0
30.920613742494997 0.0 0.0 0.0 0.0
30.95396931287525 0.0 0.0 0.0 0.0
30.987324883255503 0.0 0.0 0.0 0.0
31.02068045363576 0.0 0.0 0.0 0.0
31.05403602401601 0.0 0.0 0.0 0.0
31.087391594396266 0.0 0.0 0.0 0.0
31.120747164776517 0.0 0.0 0.0 0.0
31.154102735156773 0.0 0.0 0.0 0.0
31.187458305537024 0.0 0.0 0.0 0.0
31.22081387591728 0.0 0.0 0.0 0.0
31.25416944629753 0.0 0.0 0.0 0.0
31.287525016677787 0.0 0.0 0.0 0.0
31.32088058705804 0.0 0.0 0.0 0.0
31.354236157438294 0.0 0.0 0.0 0.0
31.387591727818545 0.0 0.0 0.0 0.0
31.4209472981988 0.0 0.0 0.0 0.0
31.454302868579052 0.0 0.0 0.0 0.0
31.487658438959308 0.0 0.0 0.0 0.0
31.52101400933956 0.0 0.0 0.0 0.0
31.554369579719815 0.0 0.0 0.0 0.0
31.587725150100066 0.0 0.0 0.0 0.0
31.62108072048032 0.0 0.0 0.0 0.0
31.654436290860573 0.0 0.0 0.0 0.0
31.68779186124083 0.0 0.0 0.0 0.0
31.72114743162108 0.0 0.0 0.0 0.0
31.754503002001336 0.0 0.0 0.0 0.0
31.787858572381587 0.0 0.0 0.0 0.0
31.821214142761843 0.0 0.0 0.0 0.0
31.854569713142094 0.0 0.0 0.0 0.0
31.88792528352235 0.0 0.0 0.0 0.0
31.9212808539026 0.0 0.0 0.0 0.0
31.954636424282857 0.0 0.0 0.0 0.0
31.98799199466311 0.0 0.0 0.0 0.0
32.021347565043364 0.0 0.0 0.0 0.0
32.054703135423615 0.0 0.0 0.0 0.0
32.08805870580387 0.0 0.0 0.0 0.0
32.121414276184126 0.0 0.0 0.0 0.0
32.15476984656438 0.0 0.0 0.0 0.0
32.18812541694463 0.0 0.0 0.0 0.0
32.22148098732488 0.0 0.0 0.0 0.0
32.25483655770514 0.0 0.0 0.0 0.0
32.28819212808539 0.0 0.0 0.0 0.0
32.32154769846564 0.0 0.0 0.0 0.0
32.354903268845895 0.0 0.0 0.0 0.0
32.388258839226154 0.0 0.0 0.0 0.0
32.421614409606406 0.0 0.0 0.0 0.0
32.45496997998666 0.0 0.0 0.0 0.0
32.48832555036691 0.0 0.0 0.0 0.0
32.52168112074717 0.0 0.0 0.0 0.0
32.55503669112742 0.0 0.0 0.0 0.0
32.58839226150767 0.0 0.0 0.0 0.0
32.62174783188792 0.0 0.0 0.0 0.0
32.65510340226818 0.0 0.0 0.0 0.0
32.688458972648434 0.0 0.0 0.0 0.0
32.721814543028685 0.0 0.0 0.0 0.0
32.75517011340894 0.0 0.0 0.0 0.0
32.788525683789196 0.0 0.0 0.0 0.0
32.82188125416945 0.0 0.0 0.0 0.0
32.8552368245497 0.0 0.0 0.0 0.0
32.88859239492995 0.0 0.0 0.0 0.0
32.92194796531021 0.0 0.0 0.0 0.0
32.95530353569046 0.0 0.0 0.0 0.0
32.98865910607071 0.0 0.0 0.0 0.0
33.022014676450965 0.0 0.0 0.0 0.0
33.055370246831224 0.0 0.0 0.0 0.0
33.088725817211476 0.0 0.0 0.0 0.0
33.12208138759173 0.0 0.0 0.0 0.0
33.15543695797198 0.0 0.0 0.0 0.0
33.18879252835224 0.0 0.0 0.0 0.0
33.22214809873249 0.0 0.0 0.0 0.0
33.25550366911274 0.0 0.0 0.0 0.0
33.28885923949299 0.0 0.0 0.0 0.0
33.32221480987325 0.0 0.0 0.0 0.0
33.3555703802535 0.0 0.0 0.0 0.0
33.388925950633755 0.0 0.0 0.0 0.0
33.42228152101401 0.0 0.0 0.0 0.0
33.455637091394266 0.0 0.0 0.0 0.0
33.48899266177452 0.0 0.0 0.0 0.0
33.52234823215477 0.0 0.0 0.0 0.0
33.55570380253502 0.0 0.0 0.0 0.0
33.58905937291528 0.0 0.0 0.0 0.0
33.62241494329553 0.0 0.0 0.0 0.0
33.65577051367578 0.0 0.0 0.0 0.0
33.689126084056035 0.0 0.0 0.0 0.0
33.722481654436294 0.0 0.0 0.0 0.0
33.755837224816545 0.0 0.0 0.0 0.0
33.7891927951968 0.0 0.0 0.0 0.0
33.82254836557705 0.0 0.0 0.0 0.0
33.85590393595731 0.0 0.0 0.0 0.0
33.88925950633756 0.0 0.0 0.0 0.0
33.92261507671781 0.0 0.0 0.0 0.0
33.95597064709806 0.0 0.0 0.0 0.0
33.98932621747832 0.0 0.0 0.0 0.0
34.02268178785857 0.0 0.0 0.0 0.0
34.056037358238825 0.0 0.0 0.0 0.0
34.08939292861908 0.0 0.0 0.0 0.0
34.122748498999336 0.0 0.0 0.0 0.0
34.15610406937959 0.0 0.0 0.0 0.0
34.18945963975984 0.0 0.0 0.0 0.0
34.22281521014009 0.0 0.0 0.0 0.0
34.25617078052035 0.0 0.0 0.0 0.0
34.2895263509006 0.0 0.0 0.0 0.0
34.32288192128085 0.0 0.0 0.0 0.0
34.356237491661105 0.0 0.0 0.0 0.0
34.389593062041364 0.0 0.0 0.0 0.0
34.422948632421615 0.0 0.0 0.0 0.0
34.45630420280187 0.0 0.0 0.0 0.0
34.48965977318212 0.0 0.0 0.0 0.0
34.52301534356238 0.0 0.0 0.0 0.0
34.55637091394263 0.0 0.0 0.0 0.0
34.58972648432288 0.0 0.0 0.0 0.0
34.62308205470313 0.0 0.0 0.0 0.0
34.65643762508339 0.0 0.0 0.0 0.0
34.68979319546364 0.0 0.0 0.0 0.0
34.723148765843895 0.0 0.0 0.0 0.0
34.75650433622415 0.0 0.0 0.0 0.0
34.789859906604406 0.0 0.0 0.0 0.0
34.82321547698466 0.0 0.0 0.0 0.0
34.85657104736491 0.0 0.0 0.0 0.0
34.88992661774516 0.0 0.0 0.0 0.0
34.92328218812542 0.0 0.0 0.0 0.0
34.95663775850567 0.0 0.0 0.0 0.0
34.98999332888592 0.0 0.0 0.0 0.0
35.023348899266175 0.0 0.0 0.0 0.0
35.056704469646434 0.0 0.0 0.0 0.0
35.090060040026685 0.0 0.0 0.0 0.0
35.12341561040694 0.0 0.0 0.0 0.0
35.15677118078719 0.0 0.0 0.0 0.0
35.19012675116745 0.0 0.0 0.0 0.0
35.2234823215477 0.0 0.0 0.0 0.0
35.25683789192795 0.0 0.0 0.0 0.0
35.2901934623082 0.0 0.0 0.0 0.0
35.32354903268846 0.0 0.0 0.0 0.0
35.35690460306871 0.0 0.0 0.0 0.0
35.390260173448965 0.0 0.0 0.0 0.0
35.42361574382922 0.0 0.0 0.0 0.0
35.456971314209476 0.0 0.0 0.0 0.0
35.49032688458973 0.0 0.0 0.0 0.0
35.52368245496998 0.0 0.0 0.0 0.0
35.55703802535023 0.0 0.0 0.0 0.0
35.59039359573049 0.0 0.0 0.0 0.0
35.62374916611074 0.0 0.0 0.0 0.0
35.65710473649099 0.0 0.0 0.0 0.0
35.690460306871245 0.0 0.0 0.0 0.0
35.7238158772515 0.0 0.0 0.0 0.0
35.757171447631755 0.0 0.0 0.0 0.0
35.79052701801201 0.0 0.0 0.0 0.0
35.82388258839226 0.0 0.0 0.0 0.0
35.85723815877252 0.0 0.0 0.0 0.0
35.89059372915277 0.0 0.0 0.0 0.0
35.92394929953302 0.0 0.0 0.0 0.0
35.95730486991327 0.0 0.0 0.0 0.0
35.99066044029353 0.0 0.0 0.0 0.0
36.02401601067378 0.0 0.0 0.0 0.0
36.057371581054035 0.0 0.0 0.0 0.0
36.09072715143429 0.0 0.0 0.0 0.0
36.124082721814545 0.0 0.0 0.0 0.0
36.1574382921948 0.0 0.0 0.0 0.0
36.19079386257505 0.0 0.0 0.0 0.0
36.2241494329553 0.0 0.0 0.0 0.0
36.25750500333556 0.0 0.0 0.0 0.0
36.29086057371581 0.0 0.0 0.0 0.0
36.32421614409606 0.0 0.0 0.0 0.0
36.357571714476315 0.0 0.0 0.0 0.0
36.39092728485657 0.0 0.0 0.0 0.0
36.424282855236825 0.0 0.0 0.0 0.0
36.45763842561708 0.0 0.0 0.0 0.0
36.49099399599733 0.0 0.0 0.0 0.0
36.52434956637759 0.0 0.0 0.0 0.0
36.55770513675784 0.0 0.0 0.0 0.0
36.59106070713809 0.0 0.0 0.0 0.0
36.62441627751834 0.0 0.0 0.0 0.0
36.6577718478986 0.0 0.0 0.0 0.0
36.69112741827885 0.0 0.0 0.0 0.0
36.724482988659105 0.0 0.0 0.0 0.0
36.75783855903936 0.0 0.0 0.0 0.0
36.791194129419615 0.0 0.0 0.0 0.0
36.82454969979987 0.0 0.0 0.0 0.0
36.85790527018012 0.0 0.0 0.0 0.0
36.89126084056037 0.0 0.0 0.0 0.0
36.92461641094063 0.0 0.0 0.0 0.0
36.95797198132088 0.0 0.0 0.0 0.0
36.99132755170113 0.0 0.0 0.0 0.0
37.024683122081385 0.0 0.0 0.0 0.0
37.05803869246164 0.0 0.0 0.0 0.0
37.091394262841895 0.0 0.0 0.0 0.0
37.12474983322215 0.0 0.0 0.0 0.0
37.1581054036024 0.0 0.0 0.0 0.0
37.19146097398266 0.0 0.0 0.0 0.0
37.22481654436291 0.0 0.0 0.0 0.0
37.25817211474316 0.0 0.0 0.0 0.0
37.29152768512341 0.0 0.0 0.0 0.0
37.32488325550367 0.0 0.0 0.0 0.0
37.35823882588392 0.0 0.0 0.0 0.0
37.391594396264175 0.0 0.0 0.0 0.0
37.42494996664443 0.0 0.0 0.0 0.0
37.458305537024685 0.0 0.0 0.0 0.0
37.49166110740494 0.0 0.0 0.0 0.0
37.52501667778519 0.0 0.0 0.0 0.0
37.55837224816544 0.0 0.0 0.0 0.0
37.5917278185457 0.0 0.0 0.0 0.0
37.62508338892595 0.0 0.0 0.0 0.0
37.6584389593062 0.0 0.0 0.0 0.0
37.691794529686454 0.0 0.0 0.0 0.0
37.72515010006671 0.0 0.0 0.0 0.0
37.758505670446965 0.0 0.0 0.0 0.0
37.79186124082722 0.0 0.0 0.0 0.0
37.82521681120747 0.0 0.0 0.0 0.0
37.85857238158773 0.0 0.0 0.0 0.0
37.89192795196798 0.0 0.0 0.0 0.0
37.92528352234823 0.0 0.0 0.0 0.0
37.95863909272848 0.0 0.0 0.0 0.0
37.99199466310874 0.0 0.0 0.0 0.0
38.02535023348899 0.0 0.0 0.0 0.0
38.058705803869245 0.0 0.0 0.0 0.0
38.0920613742495 0.0 0.0 0.0 0.0
38.125416944629755 0.0 0.0 0.0 0.0
38.15877251501001 0.0 0.0 0.0 0.0
38.19212808539026 0.0 0.0 0.0 0.0
38.22548365577051 0.0 0.0 0.0 0.0
38.25883922615077 0.0 0.0 0.0 0.0
38.29219479653102 0.0 0.0 0.0 0.0
38.32555036691127 0.0 0.0 0.0 0.0
38.358905937291524 0.0 0.0 0.0 0.0
38.39226150767178 0.0 0.0 0.0 0.0
38.425617078052035 0.0 0.0 0.0 0.0
38.45897264843229 0.0 0.0 0.0 0.0
38.49232821881254 0.0 0.0 0.0 0.0
38.5256837891928 0.0 0.0 0.0 0.0
38.55903935957305 0.0 0.0 0.0 0.0
38.5923949299533 0.0 0.0 0.0 0.0
38.62575050033355 0.0 0.0 0.0 0.0
38.65910607071381 0.0 0.0 0.0 0.0
38.69246164109406 0.0 0.0 0.0 0.0
38.725817211474315 0.0 0.0 0.0 0.0
38.759172781854566 0.0 0.0 0.0 0.0
38.792528352234825 0.0 0.0 0.0 0.0
38.82588392261508 0.0 0.0 0.0 0.0
38.85923949299533 0.0 0.0 0.0 0.0
38.89259506337558 0.0 0.0 0.0 0.0
38.92595063375584 0.0 0.0 0.0 0.0
38.95930620413609 0.0 0.0 0.0 0.0
38.99266177451634 0.0 0.0 0.0 0.0
39.026017344896594 0.0 0.0 0.0 0.0
39.05937291527685 0.0 0.0 0.0 0.0
39.092728485657105 0.0 0.0 0.0 0.0
39.12608405603736 0.0 0.0 0.0 0.0
39.15943962641761 0.0 0.0 0.0 0.0
39.19279519679787 0.0 0.0 0.0 0.0
39.22615076717812 0.0 0.0 0.0 0.0
39.25950633755837 0.0 0.0 0.0 0.0
39.29286190793862 0.0 0.0 0.0 0.0
39.32621747831888 0.0 0.0 0.0 0.0
39.35957304869913 0.0 0.0 0.0 0.0
39.392928619079385 0.0 0.0 0.0 0.0
39.426284189459636 0.0 0.0 0.0 0.0
39.459639759839895 0.0 0.0 0.0 0.0
39.49299533022015 0.0 0.0 0.0 0.0
39.5263509006004 0.0 0.0 0.0 0.0
39.55970647098065 0.0 0.0 0.0 0.0
39.59306204136091 0.0 0.0 0.0 0.0
39.62641761174116 0.0 0.0 0.0 0.0
39.65977318212141 0.0 0.0 0.0 0.0
39.693128752501664 0.0 0.0 0.0 0.0
39.72648432288192 0.0 0.0 0.0 0.0
39.759839893262175 0.0 0.0 0.0 0.0
39.79319546364243 0.0 0.0 0.0 0.0
39.82655103402268 0.0 0.0 0.0 0.0
39.85990660440294 0.0 0.0 0.0 0.0
39.89326217478319 0.0 0.0 0.0 0.0
39.92661774516344 0.0 0.0 0.0 0.0
39.95997331554369 0.0 0.0 0.0 0.0
39.99332888592395 0.0 0.0 0.0 0.0
40.0266844563042 0.0 0.0 0.0 0.0
40.060040026684455 0.0 0.0 0.0 0.0
40.09339559706471 0.0 0.0 0.0 0.0
40.126751167444965 0.0 0.0 0.0 0.0
40.16010673782522 0.0 0.0 0.0 0.0
40.19346230820547 0.0 0.0 0.0 0.0
40.22681787858573 0.0 0.0 0.0 0.0
40.26017344896598 0.0 0.0 0.0 0.0
40.29352901934623 0.0 0.0 0.0 0.0
40.32688458972648 0.0 0.0 0.0 0.0
40.36024016010674 0.0 0.0 0.0 0.0
40.39359573048699 0.0 0.0 0.0 0.0
40.426951300867245 0.0 0.0 0.0 0.0
40.4603068712475 0.0 0.0 0.0 0.0
40.493662441627755 0.0 0.0 0.0 0.0
40.52701801200801 0.0 0.0 0.0 0.0
40.56037358238826 0.0 0.0 0.0 0.0
40.59372915276851 0.0 0.0 0.0 0.0
40.62708472314877 0.0 0.0 0.0 0.0
40.66044029352902 0.0 0.0 0.0 0.0
40.69379586390927 0.0 0.0 0.0 0.0
40.727151434289524 0.0 0.0 0.0 0.0
40.76050700466978 0.0 0.0 0.0 0.0
40.793862575050035 0.0 0.0 0.0 0.0
40.82721814543029 0.0 0.0 0.0 0.0
40.86057371581054 0.0 0.0 0.0 0.0
40.8939292861908 0.0 0.0 0.0 0.0
40.92728485657105 0.0 0.0 0.0 0.0
40.9606404269513 0.0 0.0 0.0 0.0
40.99399599733155 0.0 0.0 0.0 0.0
41.02735156771181 0.0 0.0 0.0 0.0
41.06070713809206 0.0 0.0 0.0 0.0
41.094062708472315 0.0 0.0 0.0 0.0
41.127418278852566 0.0 0.0 0.0 0.0
41.160773849232825 0.0 0.0 0.0 0.0
41.19412941961308 0.0 0.0 0.0 0.0
41.22748498999333 0.0 0.0 0.0 0.0
41.26084056037358 0.0 0.0 0.0 0.0
41.29419613075384 0.0 0.0 0.0 0.0
41.32755170113409 0.0 0.0 0.0 0.0
41.36090727151434 0.0 0.0 0.0 0.0
41.394262841894594 0.0 0.0 0.0 0.0
41.42761841227485 0.0 0.0 0.0 0.0
41.460973982655105 0.0 0.0 0.0 0.0
41.49432955303536 0.0 0.0 0.0 0.0
41.52768512341561 0.0 0.0 0.0 0.0
41.56104069379587 0.0 0.0 0.0 0.0
41.59439626417612 0.0 0.0 0.0 0.0
41.62775183455637 0.0 0.0 0.0 0.0
41.66110740493662 0.0 0.0 0.0 0.0
41.69446297531688 0.0 0.0 0.0 0.0
41.72781854569713 0.0 0.0 0.0 0.0
41.761174116077385 0.0 0.0 0.0 0.0
41.794529686457636 0.0 0.0 0.0 0.0
41.827885256837895 0.0 0.0 0.0 0.0
41.86124082721815 0.0 0.0 0.0 0.0
41.8945963975984 0.0 0.0 0.0 0.0
41.92795196797865 0.0 0.0 0.0 0.0
41.96130753835891 0.0 0.0 0.0 0.0
41.99466310873916 0.0 0.0 0.0 0.0
42.02801867911941 0.0 0.0 0.0 0.0
42.061374249499664 0.0 0.0 0.0 0.0
42.09472981987992 0.0 0.0 0.0 0.0
42.128085390260175 0.0 0.0 0.0 0.0
42.16144096064043 0.0 0.0 0.0 0.0
42.19479653102068 0.0 0.0 0.0 0.0
42.22815210140094 0.0 0.0 0.0 0.0
42.26150767178119 0.0 0.0 0.0 0.0
42.29486324216144 0.0 0.0 0.0 0.0
42.32821881254169 0.0 0.0 0.0 0.0
42.36157438292195 0.0 0.0 0.0 0.0
42.3949299533022 0.0 0.0 0.0 0.0
42.428285523682455 0.0 0.0 0.0 0.0
42.461641094062706 0.0 0.0 0.0 0.0
42.494996664442965 0.0 0.0 0.0 0.0
42.52835223482322 0.0 0.0 0.0 0.0
42.56170780520347 0.0 0.0 0.0 0.0
42.59506337558372 0.0 0.0 0.0 0.0
42.62841894596398 0.0 0.0 0.0 0.0
42.66177451634423 0.0 0.0 0.0 0.0
42.69513008672448 0.0 0.0 0.0 0.0
42.728485657104734 0.0 0.0 0.0 0.0
42.76184122748499 0.0 0.0 0.0 0.0
42.795196797865245 0.0 0.0 0.0 0.0
42.8285523682455 0.0 0.0 0.0 0.0
42.86190793862575 0.0 0.0 0.0 0.0
42.89526350900601 0.0 0.0 0.0 0.0
42.92861907938626 0.0 0.0 0.0 0.0
42.96197464976651 0.0 0.0 0.0 0.0
42.99533022014676 0.0 0.0 0.0 0.0
43.02868579052702 0.0 0.0 0.0 0.0
43.06204136090727 0.0 0.0 0.0 0.0
43.095396931287524 0.0 0.0 0.0 0.0
43.128752501667776 0.0 0.0 0.0 0.0
43.162108072048035 0.0 0.0 0.0 0.0
43.19546364242829 0.0 0.0 0.0 0.0
43.22881921280854 0.0 0.0 0.0 0.0
43.26217478318879 0.0 0.0 0.0 0.0
43.29553035356905 0.0 0.0 0.0 0.0
43.3288859239493 0.0 0.0 0.0 0.0
43.36224149432955 0.0 0.0 0.0 0.0
43.395597064709804 0.0 0.0 0.0 0.0
43.42895263509006 0.0 0.0 0.0 0.0
43.462308205470315 0.0 0.0 0.0 0.0
43.495663775850566 0.0 0.0 0.0 0.0
43.52901934623082 0.0 0.0 0.0 0.0
43.56237491661108 0.0 0.0 0.0 0.0
43.59573048699133 0.0 0.0 0.0 0.0
43.62908605737158 0.0 0.0 0.0 0.0
43.66244162775183 0.0 0.0 0.0 0.0
43.69579719813209 0.0 0.0 0.0 0.0
43.72915276851234 0.0 0.0 0.0 0.0
43.762508338892594 0.0 0.0 0.0 0.0
43.795863909272846 0.0 0.0 0.0 0.0
43.829219479653105 0.0 0.0 0.0 0.0
43.86257505003336 0.0 0.0 0.0 0.0
43.89593062041361 0.0 0.0 0.0 0.0
43.92928619079386 0.0 0.0 0.0 0.0
43.96264176117412 0.0 0.0 0.0 0.0
43.99599733155437 0.0 0.0 0.0 0.0
44.02935290193462 0.0 0.0 0.0 0.0
44.062708472314874 0.0 0.0 0.0 0.0
44.09606404269513 0.0 0.0 0.0 0.0
44.129419613075385 0.0 0.0 0.0 0.0
44.162775183455636 0.0 0.0 0.0 0.0
44.19613075383589 0.0 0.0 0.0 0.0
44.22948632421615 0.0 0.0 0.0 0.0
44.2628418945964 0.0 0.0 0.0 0.0
44.29619746497665 0.0 0.0 0.0 0.0
44.3295530353569 0.0 0.0 0.0 0.0
44.36290860573716 0.0 0.0 0.0 0.0
44.39626417611741 0.0 0.0 0.0 0.0
44.429619746497664 0.0 0.0 0.0 0.0
44.462975316877916 0.0 0.0 0.0 0.0
44.496330887258175 0.0 0.0 0.0 0.0
44.52968645763843 0.0 0.0 0.0 0.0
44.56304202801868 0.0 0.0 0.0 0.0
44.59639759839893 0.0 0.0 0.0 0.0
44.62975316877919 0.0 0.0 0.0 0.0
44.66310873915944 0.0 0.0 0.0 0.0
44.69646430953969 0.0 0.0 0.0 0.0
44.729819879919944 0.0 0.0 0.0 0.0
44.7631754503002 0.0 0.0 0.0 0.0
44.796531020680455 0.0 0.0 0.0 0.0
44.829886591060706 0.0 0.0 0.0 0.0
44.86324216144096 0.0 0.0 0.0 0.0
44.89659773182122 0.0 0.0 0.0 0.0
44.92995330220147 0.0 0.0 0.0 0.0
44.96330887258172 0.0 0.0 0.0 0.0
44.99666444296197 0.0 0.0 0.0 0.0
45.03002001334223 0.0 0.0 0.0 0.0
45.06337558372248 0.0 0.0 0.0 0.0
45.096731154102734 0.0 0.0 0.0 0.0
45.130086724482986 0.0 0.0 0.0 0.0
45.163442294863245 0.0 0.0 0.0 0.0
45.1967978652435 0.0 0.0 0.0 0.0
45.23015343562375 0.0 0.0 0.0 0.0
45.263509006004 0.0 0.0 0.0 0.0
45.29686457638426 0.0 0.0 0.0 0.0
45.33022014676451 0.0 0.0 0.0 0.0
45.36357571714476 0.0 0.0 0.0 0.0
45.396931287525014 0.0 0.0 0.0 0.0
45.43028685790527 0.0 0.0 0.0 0.0
45.463642428285524 0.0 0.0 0.0 0.0
45.496997998665776 0.0 0.0 0.0 0.0
45.53035356904603 0.0 0.0 0.0 0.0
45.56370913942629 0.0 0.0 0.0 0.0
45.59706470980654 0.0 0.0 0.0 0.0
45.63042028018679 0.0 0.0 0.0 0.0
45.66377585056704 0.0 0.0 0.0 0.0
45.6971314209473 0.0 0.0 0.0 0.0
45.73048699132755 0.0 0.0 0.0 0.0
45.763842561707804 0.0 0.0 0.0 0.0
45.797198132088056 0.0 0.0 0.0 0.0
45.830553702468315 0.0 0.0 0.0 0.0
45.863909272848566 0.0 0.0 0.0 0.0
45.89726484322882 0.0 0.0 0.0 0.0
45.93062041360907 0.0 0.0 0.0 0.0
45.96397598398933 0.0 0.0 0.0 0.0
45.99733155436958 0.0 0.0 0.0 0.0
46.03068712474983 0.0 0.0 0.0 0.0
46.064042695130084 0.0 0.0 0.0 0.0
46.09739826551034 0.0 0.0 0.0 0.0
46.130753835890594 0.0 0.0 0.0 0.0
46.164109406270846 0.0 0.0 0.0 0.0
46.1974649766511 0.0 0.0 0.0 0.0
46.23082054703136 0.0 0.0 0.0 0.0
46.26417611741161 0.0 0.0 0.0 0.0
46.29753168779186 0.0 0.0 0.0 0.0
46.33088725817211 0.0 0.0 0.0 0.0
46.36424282855237 0.0 0.0 0.0 0.0
46.39759839893262 0.0 0.0 0.0 0.0
46.430953969312874 0.0 0.0 0.0 0.0
46.464309539693126 0.0 0.0 0.0 0.0
46.497665110073385 0.0 0.0 0.0 0.0
46.531020680453636 0.0 0.0 0.0 0.0
46.56437625083389 0.0 0.0 0.0 0.0
46.59773182121414 0.0 0.0 0.0 0.0
46.6310873915944 0.0 0.0 0.0 0.0
46.66444296197465 0.0 0.0 0.0 0.0
46.6977985323549 0.0 0.0 0.0 0.0
46.731154102735154 0.0 0.0 0.0 0.0
46.76450967311541 0.0 0.0 0.0 0.0
46.797865243495664 0.0 0.0 0.0 0.0
46.831220813875916 0.0 0.0 0.0 0.0
46.86457638425617 0.0 0.0 0.0 0.0
46.89793195463643 0.0 0.0 0.0 0.0
46.93128752501668 0.0 0.0 0.0 0.0
46.96464309539693 0.0 0.0 0.0 0.0
46.99799866577718 0.0 0.0 0.0 0.0
47.03135423615744 0.0 0.0 0.0 0.0
47.06470980653769 0.0 0.0 0.0 0.0
47.098065376917944 0.0 0.0 0.0 0.0
47.131420947298196 0.0 0.0 0.0 0.0
47.164776517678455 0.0 0.0 0.0 0.0
47.198132088058706 0.0 0.0 0.0 0.0
47.23148765843896 0.0 0.0 0.0 0.0
47.26484322881921 0.0 0.0 0.0 0.0
47.29819879919947 0.0 0.0 0.0 0.0
47.33155436957972 0.0 0.0 0.0 0.0
47.36490993995997 0.0 0.0 0.0 0.0
47.398265510340224 0.0 0.0 0.0 0.0
47.43162108072048 0.0 0.0 0.0 0.0
47.464976651100734 0.0 0.0 0.0 0.0
47.498332221480986 0.0 0.0 0.0 0.0
47.53168779186124 0.0 0.0 0.0 0.0
47.5650433622415 0.0 0.0 0.0 0.0
47.59839893262175 0.0 0.0 0.0 0.0
47.631754503002 0.0 0.0 0.0 0.0
47.66511007338225 0.0 0.0 0.0 0.0
47.69846564376251 0.0 0.0 0.0 0.0
47.73182121414276 0.0 0.0 0.0 0.0
47.765176784523014 0.0 0.0 0.0 0.0
47.798532354903266 0.0 0.0 0.0 0.0
47.831887925283525 0.0 0.0 0.0 0.0
47.865243495663776 0.0 0.0 0.0 0.0
47.89859906604403 0.0 0.0 0.0 0.0
47.93195463642428 0.0 0.0 0.0 0.0
47.96531020680454 0.0 0.0 0.0 0.0
47.99866577718479 0.0 0.0 0.0 0.0
48.03202134756504 0.0 0.0 0.0 0.0
48.065376917945294 0.0 0.0 0.0 0.0
48.09873248832555 0.0 0.0 0.0 0.0
48.132088058705804 0.0 0.0 0.0 0.0
48.165443629086056 0.0 0.0 0.0 0.0
48.19879919946631 0.0 0.0 0.0 0.0
48.23215476984657 0.0 0.0 0.0 0.0
48.26551034022682 0.0 0.0 0.0 0.0
48.29886591060707 0.0 0.0 0.0 0.0
48.33222148098732 0.0 0.0 0.0 0.0
48.36557705136758 0.0 0.0 0.0 0.0
48.39893262174783 0.0 0.0 0.0 0.0
48.432288192128084 0.0 0.0 0.0 0.0
48.465643762508336 0.0 0.0 0.0 0.0
48.498999332888594 0.0 0.0 0.0 0.0
48.532354903268846 0.0 0.0 0.0 0.0
48.5657104736491 0.0 0.0 0.0 0.0
48.59906604402935 0.0 0.0 0.0 0.0
48.63242161440961 0.0 0.0 0.0 0.0
48.66577718478986 0.0 0.0 0.0 0.0
48.69913275517011 0.0 0.0 0.0 0.0
48.732488325550364 0.0 0.0 0.0 0.0
48.76584389593062 0.0 0.0 0.0 0.0
48.799199466310874 0.0 0.0 0.0 0.0
48.832555036691126 0.0 0.0 0.0 0.0
48.86591060707138 0.0 0.0 0.0 0.0
48.899266177451636 0.0 0.0 0.0 0.0
48.93262174783189 0.0 0.0 0.0 0.0
48.96597731821214 0.0 0.0 0.0 0.0
48.99933288859239 0.0 0.0 0.0 0.0
49.03268845897265 0.0 0.0 0.0 0.0
49.0660440293529 0.0 0.0 0.0 0.0
49.099399599733154 0.0 0.0 0.0 0.0
49.132755170113406 0.0 0.0 0.0 0.0
49.166110740493664 0.0 0.0 0.0 0.0
49.199466310873916 0.0 0.0 0.0 0.0
49.23282188125417 0.0 0.0 0.0 0.0
49.26617745163442 0.0 0.0 0.0 0.0
49.29953302201468 0.0 0.0 0.0 0.0
49.33288859239493 0.0 0.0 0.0 0.0
49.36624416277518 0.0 0.0 0.0 0.0
49.39959973315543 0.0 0.0 0.0 0.0
49.43295530353569 0.0 0.0 0.0 0.0
49.466310873915944 0.0 0.0 0.0 0.0
49.499666444296196 0.0 0.0 0.0 0.0
49.53302201467645 0.0 0.0 0.0 0.0
49.566377585056706 0.0 0.0 0.0 0.0
49.59973315543696 0.0 0.0 0.0 0.0
49.63308872581721 0.0 0.0 0.0 0.0
49.66644429619746 0.0 0.0 0.0 0.0
49.69979986657772 0.0 0.0 0.0 0.0
49.73315543695797 0.0 0.0 0.0 0.0
49.766511007338224 0.0 0.0 0.0 0.0
49.799866577718475 0.0 0.0 0.0 0.0
49.833222148098734 0.0 0.0 0.0 0.0
49.866577718478986 0.0 0.0 0.0 0.0
49.89993328885924 0.0 0.0 0.0 0.0
49.93328885923949 0.0 0.0 0.0 0.0
49.96664442961975 0.0 0.0 0.0 0.0
50.0 0.0 0.0 0.0 0.0
