Estación:       CABORCA,  SON
Operada por:    SMN EMAS
Longitud:       112°26'07"  Latitud: 30°46'29"  Altitud: 188

DD/MM/AAAA HHMM      DIRS      DIRR      VELS      VELR      TEMP        HR        PB      PREC   RADSOL
26/01/2018 17:00        94       334      6.28     20.30      18.7        26     997.6       0.0     520.2
26/01/2018 18:00       193       200      6.43     19.80      21.2        30     997.8       0.0     630.3
26/01/2018 19:00       182       192     18.33     37.30      21.8        37     997.0       0.0     645.8
26/01/2018 20:00       187       199     22.03     46.30      22.3        34     996.2       0.0     689.0
26/01/2018 21:00       198       206     26.07     55.90      22.3        30     995.7       0.0     641.7
26/01/2018 22:00       200       206     26.36     51.20      22.2        26     995.3       0.0     487.7
26/01/2018 23:00       191       199     31.44     68.40      21.7        31     995.4       0.0     296.7
27/01/2018 00:00       194       194     29.81     53.40      19.7        38     995.5       0.0     101.7
27/01/2018 01:00       195       194     28.74     53.90      16.8        45     996.1       0.0       1.3
27/01/2018 02:00       196       203     20.60     39.50      14.5        54     996.6       0.0       0.0
27/01/2018 03:00       211       213     13.10     22.70      12.9        56     996.9       0.0       0.0
27/01/2018 04:00       205       214     11.04     20.40      11.6        59     997.1       0.0       0.0
27/01/2018 05:00       112        95      1.73     13.90       9.7        63     997.2       0.0       0.0
27/01/2018 06:00        42        37     10.50     20.70       8.3        65     997.4       0.0       0.0
27/01/2018 07:00        40        34     14.52     23.50       7.3        66     997.4       0.0       0.0
27/01/2018 08:00        41        35     13.12     20.10       6.1        67     997.3       0.0       0.0
27/01/2018 09:00        38        57     11.18     22.20       6.0        67     996.9       0.0       0.0
27/01/2018 10:00        75       101      8.02     14.00       4.7        69     996.8       0.0       0.0
27/01/2018 11:00        38        43     15.13     24.70       4.1        72     996.6       0.0       0.0
27/01/2018 12:00        33        36     14.99     23.90       4.3        68     996.7       0.0       0.0
27/01/2018 13:00        39        33     11.77     24.20       3.8        67     997.3       0.0       0.0
27/01/2018 14:00        89        99     12.55     18.60       3.4        70     997.8       0.0      11.8
27/01/2018 15:00        75        66     11.03     25.50       6.8        59     998.3       0.0     146.2
27/01/2018 16:00       100       333     10.52     22.70      10.4        54     998.9       0.0     347.5
27/01/2018 17:00       115       133     12.15     25.50      13.8        49     999.1       0.0     530.5
27/01/2018 18:00       121       123     10.06     29.00      17.2        42     998.7       0.0     648.5
27/01/2018 19:00       182       193     11.87     34.70      20.3        35     997.7       0.0     660.3
27/01/2018 20:00       195       200     27.10     53.70      21.8        30     996.4       0.0     703.7
27/01/2018 21:00       195       215     31.05     62.00      23.2        26     995.5       0.0     651.0
27/01/2018 22:00       194       209     35.65     66.40      23.7        25     995.0       0.0     494.0
27/01/2018 23:00       185       191     40.42     64.40      23.2        27     994.9       0.0     302.2
28/01/2018 00:00       184       196     37.19     66.50      21.5        29     994.8       0.0     106.5
28/01/2018 01:00       184       188     31.25     51.80      19.1        34     995.0       0.0       1.5
28/01/2018 02:00       187       191     23.50     43.30      17.4        34     995.4       0.0       0.0
28/01/2018 03:00       205       202     16.76     29.50      15.8        30     995.6       0.0       0.0
28/01/2018 04:00       204       213     13.19     37.30      14.1        31     995.7       0.0       0.0
28/01/2018 05:00       188       193     15.25     31.70      11.6        33     995.8       0.0       0.0
28/01/2018 06:00       189       202     15.75     37.10      12.0        30     996.1       0.0       0.0
28/01/2018 07:00       177       181     14.93     21.80      10.9        31     996.0       0.0       0.0
28/01/2018 08:00       200       205     12.84     21.60      10.4        32     996.0       0.0       0.0
28/01/2018 09:00       265       268     11.59     18.50       8.4        35     995.8       0.0       0.0
28/01/2018 10:00       303       317      9.15     17.90       7.3        40     995.4       0.0       0.0
28/01/2018 11:00       336        73      4.18     21.30       6.7        41     995.2       0.0       0.0
28/01/2018 12:00       286       310     14.46     28.20       5.6        42     995.3       0.0       0.0
28/01/2018 13:00       301       284      8.97     22.00       5.6        44     995.6       0.0       0.0
28/01/2018 14:00       312       318      7.76     20.00       4.6        45     996.1       0.0      13.3
28/01/2018 15:00       312       325     10.22     21.30       9.6        38     996.5       0.0     149.3
28/01/2018 16:00        71       333      6.61     21.60      14.2        32     997.1       0.0     353.7
28/01/2018 17:00       103       111     14.36     26.20      17.7        28     997.2       0.0     547.8
28/01/2018 18:00       153       202      8.61     22.30      21.4        24     996.7       0.0     673.0
28/01/2018 19:00       186       195     11.73     28.40      24.1        21     995.7       0.0     698.5
28/01/2018 20:00       186       211     21.71     47.40      25.4        19     994.5       0.0     718.2
28/01/2018 21:00       185       190     25.37     55.60      27.1        17     993.5       0.0     655.5
28/01/2018 22:00       187       190     30.85     57.40      28.3        16     992.8       0.0     494.5
28/01/2018 23:00       182       188     35.62     63.30      27.8        18     992.5       0.0     298.5
29/01/2018 00:00       178       189     21.41     52.60      25.8        20     992.3       0.0      99.2
29/01/2018 01:00       185       188     14.67     34.00      22.5        24     992.5       0.0       1.2
29/01/2018 02:00       203       205     17.22     32.60      20.7        25     992.9       0.0       0.0
29/01/2018 03:00       234       214     10.46     28.50      19.8        22     993.2       0.0       0.0
29/01/2018 04:00        67       319      7.96     19.90      15.1        33     993.7       0.0       0.0
29/01/2018 05:00        46        66      5.71     26.00      14.2        35     994.1       0.0       0.0
29/01/2018 06:00       283       302     14.01     22.60      13.3        35     994.3       0.0       0.0
29/01/2018 07:00       309       328     15.04     27.40      12.5        35     994.3       0.0       0.0
29/01/2018 08:00       312       323     13.61     22.60      12.1        34     994.1       0.0       0.0
29/01/2018 09:00        35       322      9.61     21.10      10.4        35     994.2       0.0       0.0
29/01/2018 10:00        41        38     13.17     27.40      10.7        30     994.2       0.0       0.0
29/01/2018 11:00        31        47     16.70     28.40       9.4        31     994.2       0.0       0.0
29/01/2018 12:00        42        39     12.48     24.60       9.8        30     994.4       0.0       0.0
29/01/2018 13:00       275       277     16.05     30.10       8.5        31     995.1       0.0       0.0
29/01/2018 14:00       290       299     18.82     34.60      11.0        27     996.1       0.0      12.5
29/01/2018 15:00       279       280     10.25     22.00      15.7        23     996.8       0.0     149.2
29/01/2018 16:00       111       317      7.30     26.90      18.0        23     997.4       0.0     361.3
29/01/2018 17:00       129       127      6.10     14.00      21.3        21     998.0       0.0     545.3
29/01/2018 18:00       101        98     17.69     37.00      25.3        19     997.6       0.0     679.8
29/01/2018 19:00        89       102     32.56     67.40      29.8        17     996.5       0.0     705.3
29/01/2018 20:00       110       108     14.57     44.50      30.9        17     995.3       0.0     716.2
29/01/2018 21:00       149       176     11.10     29.70      32.2        16     994.5       0.0     654.3
29/01/2018 22:00       172       193     14.06     40.70      32.3        16     993.9       0.0     490.7
29/01/2018 23:00       191       202     31.00     58.10      30.2        18     993.6       0.0     295.5
30/01/2018 00:00       192       200     26.61     57.50      27.7        20     993.5       0.0     103.7
30/01/2018 01:00       198       203     20.67     33.60      23.7        24     993.7       0.0       1.5
30/01/2018 02:00       197       199     23.69     40.20      20.8        26     994.4       0.0       0.0
30/01/2018 03:00       196       202     16.46     37.70      18.8        30     995.0       0.0       0.0
30/01/2018 04:00       210       196      7.79     23.10      16.8        33     995.1       0.0       0.0
30/01/2018 05:00       321       341      9.37     16.70      14.8        36     995.4       0.0       0.0
30/01/2018 06:00       311       318     16.45     33.20      14.4        34     995.7       0.0       0.0
30/01/2018 07:00       276       324     11.60     26.30      13.3        34     995.6       0.0       0.0
30/01/2018 08:00        74        77      9.57     19.50      11.7        37     995.5       0.0       0.0
30/01/2018 09:00        52        59     12.89     20.30      10.9        37     995.2       0.0       0.0
30/01/2018 10:00        64        57     12.55     30.50      11.3        36     994.7       0.0       0.0
30/01/2018 11:00        53        81     11.71     25.10      11.8        32     994.5       0.0       0.0
30/01/2018 12:00        47        40     15.70     29.80      10.9        33     994.5       0.0       0.0
30/01/2018 13:00        83        69      9.03     23.30      10.1        34     994.8       0.0       0.0
30/01/2018 14:00        61        76      8.74     18.70      10.0        34     995.1       0.0      12.3
30/01/2018 15:00        79        94      9.74     25.70      14.1        30     995.3       0.0     152.8
30/01/2018 16:00        93       100     21.30     39.80      19.5        26     995.7       0.0     367.2
30/01/2018 17:00        94       103     13.94     36.10      22.2        24     996.2       0.0     550.8
30/01/2018 18:00        59        76     19.47     41.20      27.5        21     995.8       0.0     667.2
30/01/2018 19:00        27        80      8.08     32.90      29.8        20     994.4       0.0     685.8
30/01/2018 20:00       105       110     12.27     31.90      30.5        19     992.9       0.0     718.5
30/01/2018 21:00       167       177     12.02     34.70      32.0        18     992.1       0.0     608.8
30/01/2018 22:00       190       202     36.35     70.20      30.4        20     991.7       0.0     457.3
30/01/2018 23:00       192       199     33.86     65.90      27.6        26     991.4       0.0     317.3
31/01/2018 00:00       190       198     27.81     51.40      25.7        26     991.3       0.0      89.3
31/01/2018 01:00       193       195     25.41     40.20      23.0        27     991.4       0.0       1.8
31/01/2018 02:00       190       211     13.44     38.20      20.6        29     991.9       0.0       0.0
31/01/2018 03:00       209       203     10.43     27.40      18.7        32     992.2       0.0       0.0
31/01/2018 04:00       209       211     16.40     29.50      16.7        35     992.6       0.0       0.0
31/01/2018 05:00       240       269     14.37     22.80      14.7        38     992.8       0.0       0.0
31/01/2018 06:00       247       263     14.73     21.50      13.1        40     993.0       0.0       0.0
31/01/2018 07:00       307       353     13.18     25.80      11.6        43     992.7       0.0       0.0
31/01/2018 08:00       296       319      8.83     18.50      11.2        43     992.6       0.0       0.0
31/01/2018 09:00       285       277     10.97     22.20       8.3        45     992.5       0.0       0.0
31/01/2018 10:00       283       295     11.40     16.90       8.0        46     992.2       0.0       0.0
31/01/2018 11:00       275       276     15.17     22.30       7.9        45     992.1       0.0       0.0
31/01/2018 12:00       285       268     11.71     24.60       7.2        42     992.1       0.0       0.0
31/01/2018 13:00       297       297      9.33     18.90       6.7        42     992.4       0.0       0.0
31/01/2018 14:00       290       299     13.67     24.40       7.1        40     992.9       0.0      11.2
31/01/2018 15:00       302       321     10.17     26.10      12.2        34     993.3       0.0     158.7
31/01/2018 16:00       312       323     17.56     38.10      16.7        29     993.7       0.0     372.2
31/01/2018 17:00       356       337     14.98     39.10      20.2        26     993.8       0.0     559.7
31/01/2018 18:00       103       104     18.94     33.40      23.1        25     993.3       0.0     695.3
31/01/2018 19:00       105       103     15.50     34.40      26.2        22     992.2       0.0     718.7
31/01/2018 20:00       169       215     11.39     35.10      29.0        20     991.2       0.0     731.8
31/01/2018 21:00       196       192     27.56     54.80      28.7        21     990.7       0.0     673.3
31/01/2018 22:00       187       196     27.68     51.60      28.4        22     990.4       0.0     507.8
31/01/2018 23:00       195       217     23.75     47.50      27.5        25     990.2       0.0     311.2
01/02/2018 00:00       196       220     18.93     41.90      25.5        28     989.8       0.0     115.8
01/02/2018 01:00       206       211     13.72     25.90      22.6        30     989.8       0.0       2.8
01/02/2018 02:00       210       211     16.05     28.30      20.3        32     990.4       0.0       0.0
01/02/2018 03:00       230       213      5.16     17.80      16.4        37     991.2       0.0       0.0
01/02/2018 04:00       256       258     11.81     24.90      14.9        37     992.1       0.0       0.0
01/02/2018 05:00       265       269     19.01     27.90      12.2        38     992.5       0.0       0.0
01/02/2018 06:00       266       271     18.74     26.00      11.0        36     992.6       0.0       0.0
01/02/2018 07:00       314       342     11.27     24.70      10.5        38     992.6       0.0       0.0
01/02/2018 08:00       274       273     14.83     24.60      10.9        43     992.7       0.0       0.0
01/02/2018 09:00       277       299     17.05     30.40       8.9        38     992.5       0.0       0.0
01/02/2018 10:00       278       277     14.94     25.60       7.7        38     992.5       0.0       0.0
01/02/2018 11:00       307       324     10.84     24.90       7.8        40     992.6       0.0       0.0
01/02/2018 12:00       283       271     15.53     26.80       7.2        40     992.7       0.0       0.0
01/02/2018 13:00       290       298      4.99     32.70       7.0        38     993.3       0.0       0.0
01/02/2018 14:00        22       333      6.24     31.10       7.2        39     994.0       0.0       5.8
01/02/2018 15:00        87        98      8.90     20.20       9.2        36     994.8       0.0     108.2
01/02/2018 16:00        84        89     15.15     33.50      14.4        30     995.2       0.0     329.2
01/02/2018 17:00        63       330     16.03     43.30      20.6        24     995.5       0.0     500.7
01/02/2018 18:00        80        83      6.94     30.50      22.5        23     995.5       0.0     545.5
01/02/2018 19:00       100        89     12.43     28.10      25.5        21     994.9       0.0     593.7
01/02/2018 20:00       163       240      8.70     21.00      27.2        20     994.1       0.0     516.3
01/02/2018 21:00       201       223     16.87     38.10      27.2        21     993.5       0.0     629.7
01/02/2018 22:00       201       203     22.86     42.70      26.5        27     993.3       0.0     499.8
01/02/2018 23:00       203       211     22.57     43.50      25.4        31     993.3       0.0     305.3
02/02/2018 00:00       207       217     23.40     44.60      24.2        32     993.7       0.0     126.8
02/02/2018 01:00       198       203     17.45     33.90      21.6        32     994.3       0.0       5.5
02/02/2018 02:00       204       211     15.82     25.80      19.7        34     995.0       0.0       0.0
02/02/2018 03:00       224       216     16.33     23.80      17.6        36     995.6       0.0       0.0
02/02/2018 04:00       262       265     17.38     24.70      14.9        40     996.1       0.0       0.0
02/02/2018 05:00       283       268     14.60     21.00      13.5        41     996.5       0.0       0.0
02/02/2018 06:00       285       288     13.78     23.50      12.3        41     996.8       0.0       0.0
02/02/2018 07:00       277       275     14.81     21.70      11.4        42     996.8       0.0       0.0
02/02/2018 08:00       278       272     10.12     21.60      10.9        43     996.5       0.0       0.0
02/02/2018 09:00       300       284     12.50     25.00      10.3        43     996.8       0.0       0.0
02/02/2018 10:00       270       269     16.64     27.80      10.3        40     996.6       0.0       0.0
02/02/2018 11:00       279       285     17.02     29.90      11.3        38     996.3       0.0       0.0
02/02/2018 12:00       279       285     16.68     31.90      12.9        34     996.2       0.0       0.0
02/02/2018 13:00       280       292     13.63     26.60      13.1        34     996.6       0.0       0.0
02/02/2018 14:00        28       280      7.77     25.10      13.7        34     997.0                 0.0
02/02/2018 15:00        39        54     10.80                14.5               997.2
02/02/2018 16:00
